1.978	0.0	-0.110682	-1.4509	0.805135	1.0	-0.124329	-1.39848	1.07992	2.0	-0.133922	-1.33545	1.351	3.0	-0.133202	-1.31125	1.47415	4.0	-0.272084	-1.28477	1.24478	5.0	-0.362761	-1.2869	1.03243	6.0	-0.382164	-1.17216	0.844606	7.0	-0.380171	-1.12333	0.774058	8.0	0.0194693	-1.38325	1.26348	9.0	0.115295	-1.46219	1.08249	10.0	0.1716	-1.46701	0.871914	11.0	0.179907	-1.45307	0.794775	12.0	-0.16512	-1.39451	0.802636	13.0	-0.181815	-1.32514	0.515977	14.0	-0.172203	-1.34702	0.148784	15.0	-0.134369	-1.25633	0.0771179	16.0	-0.0348596	-1.44365	0.811068	17.0	-0.191751	-1.32078	0.490264	18.0	-0.165564	-1.35365	0.12146	19.0	-0.141719	-1.2094	0.0505785	20.0	-0.132275	-1.35322	1.28375	21.0	-0.370121	-1.09215	0.728505	22.0	-0.382524	-1.09966	0.783677	23.0	0.174786	-1.45704	0.738186	24.0	0.208725	-1.41222	0.794225
2.012	0.0	-0.111242	-1.44479	0.803509	1.0	-0.125742	-1.39669	1.07978	2.0	-0.136524	-1.33546	1.35172	3.0	-0.136129	-1.30675	1.47528	4.0	-0.272205	-1.28254	1.24473	5.0	-0.360303	-1.28169	1.03635	6.0	-0.381112	-1.15814	0.853364	7.0	-0.370575	-1.07854	0.786726	8.0	0.0174727	-1.37762	1.26824	9.0	0.114685	-1.4603	1.08254	10.0	0.172398	-1.46176	0.87058	11.0	0.174776	-1.41977	0.793255	12.0	-0.16557	-1.38809	0.799861	13.0	-0.185355	-1.31993	0.508283	14.0	-0.17332	-1.34585	0.149188	15.0	-0.136202	-1.25963	0.0771787	16.0	-0.0354638	-1.43759	0.810518	17.0	-0.190112	-1.32151	0.488261	18.0	-0.164351	-1.35429	0.128956	19.0	-0.152023	-1.21649	0.0537783	20.0	-0.134379	-1.35282	1.28421	21.0	-0.360802	-1.0498	0.746987	22.0	-0.370366	-1.04617	0.763337	23.0	0.183238	-1.4257	0.740345	24.0	0.18629	-1.38045	0.798229
2.045	0.0	-0.110168	-1.43613	0.800145	1.0	-0.124497	-1.38284	1.07684	2.0	-0.135004	-1.31806	1.35011	3.0	-0.138796	-1.29849	1.46813	4.0	-0.274495	-1.26304	1.23249	5.0	-0.362768	-1.22383	1.04598	6.0	-0.369026	-1.09336	0.860641	7.0	-0.366665	-1.04531	0.792477	8.0	0.0187166	-1.36657	1.2675	9.0	0.117799	-1.44214	1.08364	10.0	0.173811	-1.43438	0.881388	11.0	0.17844	-1.42317	0.81934	12.0	-0.164138	-1.37918	0.794806	13.0	-0.185411	-1.31999	0.508413	14.0	-0.173925	-1.34456	0.154899	15.0	-0.139751	-1.26404	0.0791775	16.0	-0.0346379	-1.42901	0.808784	17.0	-0.189219	-1.32197	0.487697	18.0	-0.164818	-1.35293	0.133415	19.0	-0.155366	-1.21795	0.0563706	20.0	-0.133054	-1.33635	1.28227	21.0	-0.357244	-1.02824	0.7308	22.0	-0.369833	-1.01982	0.795827	23.0	0.20577	-1.39279	0.765351	24.0	0.197395	-1.37567	0.789673
2.079	0.0	-0.107707	-1.42461	0.793069	1.0	-0.126033	-1.37781	1.07632	2.0	-0.139737	-1.31506	1.35361	3.0	-0.14163	-1.28484	1.47667	4.0	-0.27679	-1.25529	1.23041	5.0	-0.360781	-1.21906	1.04853	6.0	-0.362816	-1.04656	0.867552	7.0	-0.35685	-1.00469	0.802701	8.0	0.0178793	-1.36232	1.27036	9.0	0.118033	-1.43937	1.08331	10.0	0.175458	-1.42986	0.881141	11.0	0.181502	-1.40835	0.816353	12.0	-0.161459	-1.36714	0.785415	13.0	-0.185496	-1.32058	0.508074	14.0	-0.173155	-1.34476	0.155399	15.0	-0.139006	-1.26566	0.0792301	16.0	-0.0322583	-1.41773	0.804045	17.0	-0.184938	-1.31758	0.4844	18.0	-0.161126	-1.35355	0.128418	19.0	-0.154117	-1.22107	0.0491507	20.0	-0.136718	-1.33306	1.28457	21.0	-0.354362	-0.981473	0.756055	22.0	-0.356295	-0.986844	0.824137	23.0	0.185701	-1.39212	0.757321	24.0	0.184954	-1.36542	0.850328
2.112	0.0	-0.109803	-1.40913	0.780389	1.0	-0.128259	-1.36614	1.0719	2.0	-0.141866	-1.30904	1.3553	3.0	-0.144416	-1.2739	1.46969	4.0	-0.274245	-1.24277	1.23357	5.0	-0.347509	-1.18487	1.06374	6.0	-0.366481	-1.05256	0.911134	7.0	-0.35982	-0.988357	0.824376	8.0	0.0170166	-1.34433	1.26986	9.0	0.119935	-1.42712	1.08202	10.0	0.184222	-1.40056	0.891669	11.0	0.187783	-1.38051	0.817961	12.0	-0.164202	-1.35431	0.77509	13.0	-0.188134	-1.32079	0.489644	14.0	-0.172484	-1.34503	0.154611	15.0	-0.139662	-1.26411	0.0833106	16.0	-0.0332699	-1.39906	0.789349	17.0	0.0121035	-1.44202	0.514746	18.0	0.0147297	-1.50408	0.216215	19.0	0.0271398	-1.43987	0.341039	20.0	-0.139026	-1.32586	1.28519	21.0	-0.353391	-0.962123	0.775509	22.0	-0.32576	-0.958066	0.822784	23.0	0.182471	-1.3913	0.769188	24.0	0.218115	-1.3412	0.815933
2.145	0.0	-0.109764	-1.40381	0.77789	1.0	-0.127895	-1.36129	1.07196	2.0	-0.141318	-1.30505	1.35911	3.0	-0.147956	-1.26327	1.47379	4.0	-0.276133	-1.23555	1.232	5.0	-0.347697	-1.18151	1.06415	6.0	-0.353279	-1.01453	0.892185	7.0	-0.351424	-0.961695	0.824269	8.0	0.0176805	-1.34005	1.27095	9.0	0.119521	-1.4178	1.08174	10.0	0.190912	-1.3761	0.884642	11.0	0.190766	-1.37152	0.820002	12.0	-0.16396	-1.34685	0.771227	13.0	-0.185919	-1.32351	0.4731	14.0	-0.171453	-1.34617	0.155201	15.0	-0.144861	-1.26628	0.085245	16.0	-0.0332944	-1.39528	0.788089	17.0	0.0127847	-1.41937	0.518963	18.0	-0.00873305	-1.47488	0.216686	19.0	0.0163568	-1.41678	0.331757	20.0	-0.138617	-1.32162	1.28792	21.0	-0.348379	-0.934176	0.778309	22.0	-0.354521	-0.932075	0.862423	23.0	0.193139	-1.36476	0.758139	24.0	0.209888	-1.345	0.786209
2.179	0.0	-0.108716	-1.38963	0.774814	1.0	-0.124109	-1.34826	1.07014	2.0	-0.135594	-1.29515	1.35985	3.0	-0.148774	-1.25764	1.47608	4.0	-0.270626	-1.21183	1.24415	5.0	-0.358061	-1.14114	1.05518	6.0	-0.353088	-1.00721	0.893349	7.0	-0.34749	-0.940917	0.831345	8.0	0.0200694	-1.32646	1.27333	9.0	0.121059	-1.41327	1.07972	10.0	0.19055	-1.37646	0.885653	11.0	0.196604	-1.3588	0.829295	12.0	-0.163565	-1.33414	0.769689	13.0	-0.183743	-1.32056	0.46051	14.0	-0.168944	-1.34816	0.147673	15.0	-0.146335	-1.26968	0.0788803	16.0	-0.0314322	-1.37951	0.783668	17.0	0.00868819	-1.39153	0.479085	18.0	-0.0337119	-1.44302	0.163408	19.0	0.021143	-1.35309	0.103134	20.0	-0.133371	-1.31071	1.28806	21.0	-0.342106	-0.923969	0.779119	22.0	-0.321982	-0.915019	0.841411	23.0	0.198027	-1.37593	0.765767	24.0	0.186722	-1.32572	0.807711
2.212	0.0	-0.109512	-1.37335	0.767205	1.0	-0.123565	-1.33364	1.06433	2.0	-0.133757	-1.28282	1.35653	3.0	-0.146061	-1.24204	1.48185	4.0	-0.269988	-1.20528	1.24861	5.0	-0.353561	-1.12331	1.05402	6.0	-0.343628	-0.983428	0.904676	7.0	-0.341037	-0.920586	0.84172	8.0	0.0217804	-1.32192	1.27285	9.0	0.129126	-1.3862	1.08118	10.0	0.19269	-1.37068	0.886743	11.0	0.202152	-1.34854	0.825554	12.0	-0.164715	-1.31791	0.764367	13.0	-0.183071	-1.31267	0.450665	14.0	-0.167955	-1.34831	0.147313	15.0	-0.143619	-1.27099	0.0809651	16.0	-0.0317339	-1.3629	0.773979	17.0	0.00778563	-1.37714	0.473171	18.0	-0.0192533	-1.41577	0.167604	19.0	0.0217579	-1.3494	0.10019	20.0	-0.131896	-1.29767	1.28411	21.0	-0.334845	-0.888099	0.796159	22.0	-0.341879	-0.899761	0.862274	23.0	0.213869	-1.33325	0.758906	24.0	0.209474	-1.30652	0.84533
2.245	0.0	-0.11016	-1.35814	0.767846	1.0	-0.125226	-1.32088	1.06467	2.0	-0.136034	-1.27223	1.35693	3.0	-0.142292	-1.23548	1.48538	4.0	-0.266505	-1.19676	1.25051	5.0	-0.348172	-1.12414	1.0581	6.0	-0.345391	-0.985472	0.9101	7.0	-0.335321	-0.910497	0.842051	8.0	0.0239691	-1.30724	1.27583	9.0	0.12991	-1.38256	1.08291	10.0	0.196822	-1.3597	0.8928	11.0	0.20699	-1.33748	0.82658	12.0	-0.165809	-1.3039	0.764512	13.0	-0.181027	-1.3095	0.446628	14.0	-0.167123	-1.34594	0.14525	15.0	-0.126478	-1.25896	0.0761996	16.0	-0.0317627	-1.34626	0.775333	17.0	0.00739049	-1.35036	0.471151	18.0	-0.0134459	-1.40102	0.163196	19.0	0.0183749	-1.29688	0.0853347	20.0	-0.134089	-1.28652	1.28447	21.0	-0.340333	-0.898811	0.796303	22.0	-0.307685	-0.891073	0.851584	23.0	0.203206	-1.31292	0.761345	24.0	0.236119	-1.30722	0.786884
2.279	0.0	-0.10781	-1.33879	0.776527	1.0	-0.123425	-1.30404	1.06926	2.0	-0.134661	-1.2576	1.35832	3.0	-0.132773	-1.22664	1.48989	4.0	-0.264674	-1.19203	1.25135	5.0	-0.347429	-1.10906	1.05705	6.0	-0.333879	-0.941189	0.895875	7.0	-0.329697	-0.906387	0.842978	8.0	0.0276391	-1.30312	1.27499	9.0	0.130452	-1.37841	1.08536	10.0	0.200893	-1.35331	0.891248	11.0	0.21017	-1.31879	0.816567	12.0	-0.162448	-1.2833	0.772456	13.0	-0.181937	-1.30271	0.449968	14.0	-0.167086	-1.34513	0.142962	15.0	-0.127592	-1.2584	0.0750404	16.0	-0.0303288	-1.32804	0.784667	17.0	0.0124494	-1.32805	0.463179	18.0	-0.0214714	-1.36408	0.153358	19.0	0.0161938	-1.29345	0.0874836	20.0	-0.132639	-1.27137	1.2866	21.0	-0.328571	-0.892921	0.789283	22.0	-0.31744	-0.871492	0.870152	23.0	0.201593	-1.32008	0.749076	24.0	0.225355	-1.28029	0.787577
2.312	0.0	-0.107265	-1.32163	0.779897	1.0	-0.120228	-1.29476	1.0721	2.0	-0.129869	-1.25338	1.36063	3.0	-0.129806	-1.22555	1.48969	4.0	-0.25791	-1.1793	1.25493	5.0	-0.336005	-1.10943	1.06551	6.0	-0.332322	-0.941632	0.898216	7.0	-0.326719	-0.90778	0.849895	8.0	0.0335856	-1.29473	1.27453	9.0	0.131701	-1.37587	1.08144	10.0	0.2134	-1.33011	0.86793	11.0	0.216555	-1.31388	0.808485	12.0	-0.161817	-1.26593	0.776352	13.0	-0.181803	-1.29246	0.450761	14.0	-0.1672	-1.34324	0.145886	15.0	-0.125622	-1.27038	0.0826685	16.0	-0.0298093	-1.31115	0.787504	17.0	0.0230862	-1.30228	0.46782	18.0	-0.00449978	-1.33614	0.162878	19.0	0.0140972	-1.26922	0.0925553	20.0	-0.128245	-1.26613	1.28901	21.0	-0.320589	-0.888607	0.79309	22.0	-0.288964	-0.88111	0.867886	23.0	0.222466	-1.29137	0.749825	24.0	0.23673	-1.29154	0.819131
2.345	0.0	-0.106565	-1.30834	0.779536	1.0	-0.116957	-1.28312	1.07359	2.0	-0.124058	-1.24515	1.3634	3.0	-0.122523	-1.21545	1.49239	4.0	-0.25733	-1.17729	1.25574	5.0	-0.336481	-1.0849	1.05593	6.0	-0.331839	-0.94733	0.897085	7.0	-0.321319	-0.909834	0.838913	8.0	0.0384451	-1.28801	1.27446	9.0	0.138834	-1.35915	1.077	10.0	0.210785	-1.32649	0.879521	11.0	0.215816	-1.29678	0.811689	12.0	-0.160999	-1.25286	0.776624	13.0	-0.181749	-1.27993	0.449973	14.0	-0.166012	-1.34338	0.141358	15.0	-0.129862	-1.26719	0.0806118	16.0	-0.0291556	-1.29752	0.786528	17.0	0.0212486	-1.29391	0.469577	18.0	-0.00171898	-1.31451	0.140272	19.0	0.0387008	-1.20804	0.0784192	20.0	-0.123027	-1.25696	1.29152	21.0	-0.313842	-0.882144	0.786951	22.0	-0.290809	-0.889527	0.845664	23.0	0.220217	-1.28272	0.763034	24.0	0.246236	-1.26488	0.806506
2.38	0.0	-0.102067	-1.28868	0.777297	1.0	-0.108622	-1.2716	1.07251	2.0	-0.110654	-1.23931	1.36306	3.0	-0.115589	-1.21238	1.48962	4.0	-0.241775	-1.15845	1.25971	5.0	-0.325059	-1.0916	1.06273	6.0	-0.32848	-0.946767	0.893721	7.0	-0.319167	-0.912481	0.840724	8.0	0.0494456	-1.2787	1.27071	9.0	0.139557	-1.35543	1.07338	10.0	0.211813	-1.31961	0.879334	11.0	0.219687	-1.28844	0.799957	12.0	-0.154984	-1.22846	0.774854	13.0	-0.180008	-1.26819	0.446922	14.0	-0.161499	-1.33898	0.141097	15.0	-0.130427	-1.23504	0.0787785	16.0	-0.0259209	-1.28204	0.784028	17.0	0.0236666	-1.27978	0.465041	18.0	0.000683912	-1.31245	0.143793	19.0	0.0369421	-1.21399	0.0829822	20.0	-0.11119	-1.24977	1.29102	21.0	-0.304064	-0.880131	0.777419	22.0	-0.285449	-0.876961	0.813993	23.0	0.223937	-1.27589	0.741032	24.0	0.23495	-1.25083	0.7991
2.412	0.0	-0.0988307	-1.27829	0.776518	1.0	-0.102315	-1.25971	1.07379	2.0	-0.101704	-1.22892	1.36669	3.0	-0.105918	-1.20967	1.49085	4.0	-0.23244	-1.15046	1.26429	5.0	-0.319631	-1.09462	1.06911	6.0	-0.328336	-0.95608	0.890906	7.0	-0.324666	-0.929062	0.826526	8.0	0.0583366	-1.27298	1.26728	9.0	0.147883	-1.34295	1.06077	10.0	0.210896	-1.31693	0.88112	11.0	0.216591	-1.28238	0.793437	12.0	-0.152301	-1.22054	0.775324	13.0	-0.176209	-1.25341	0.445799	14.0	-0.161077	-1.33695	0.13678	15.0	-0.130928	-1.2442	0.0779225	16.0	-0.0221887	-1.26912	0.781663	17.0	0.0285109	-1.27015	0.465239	18.0	0.00140759	-1.31243	0.143339	19.0	0.0354867	-1.21774	0.0849306	20.0	-0.1027	-1.23878	1.29408	21.0	-0.323524	-0.920345	0.766959	22.0	-0.282511	-0.897143	0.830593	23.0	0.211437	-1.29241	0.726889	24.0	0.231793	-1.24409	0.782759
2.445	0.0	-0.0940575	-1.25587	0.776878	1.0	-0.0953704	-1.24472	1.07576	2.0	-0.0931281	-1.21981	1.36983	3.0	-0.0924725	-1.20099	1.49314	4.0	-0.227469	-1.13755	1.26727	5.0	-0.318281	-1.09545	1.07057	6.0	-0.329932	-0.971942	0.885977	7.0	-0.328514	-0.94866	0.823844	8.0	0.0659492	-1.26141	1.26341	9.0	0.147607	-1.33224	1.05665	10.0	0.211388	-1.30623	0.877007	11.0	0.215438	-1.27407	0.789485	12.0	-0.148147	-1.19785	0.777852	13.0	-0.164735	-1.21726	0.446472	14.0	-0.162474	-1.31669	0.143547	15.0	-0.132053	-1.24435	0.0781606	16.0	-0.0168189	-1.24731	0.78007	17.0	0.0294607	-1.26471	0.465938	18.0	0.00289864	-1.31122	0.147026	19.0	0.0368197	-1.22681	0.0897769	20.0	-0.0944885	-1.22838	1.29694	21.0	-0.311361	-0.916777	0.769626	22.0	-0.28794	-0.907782	0.80202	23.0	0.219386	-1.2505	0.725772	24.0	0.214963	-1.22913	0.814761
2.479	0.0	-0.0879666	-1.24332	0.776493	1.0	-0.0874694	-1.23106	1.07379	2.0	-0.0834722	-1.20711	1.36647	3.0	-0.0789756	-1.18845	1.49215	4.0	-0.222187	-1.13036	1.26432	5.0	-0.316631	-1.09523	1.06759	6.0	-0.328758	-0.975633	0.878358	7.0	-0.33344	-0.960448	0.815891	8.0	0.0766197	-1.24872	1.2614	9.0	0.15959	-1.30983	1.0465	10.0	0.220413	-1.28132	0.851021	11.0	0.217428	-1.26619	0.780583	12.0	-0.143096	-1.18683	0.778487	13.0	-0.174192	-1.16529	0.453964	14.0	-0.156342	-1.3002	0.139334	15.0	-0.132456	-1.24001	0.0678179	16.0	-0.0095635	-1.23299	0.778569	17.0	0.0282242	-1.26234	0.464099	18.0	0.00265381	-1.31112	0.147021	19.0	0.0347753	-1.22916	0.0894698	20.0	-0.0852011	-1.21526	1.29391	21.0	-0.34523	-0.941846	0.759088	22.0	-0.297301	-0.935438	0.809733	23.0	0.220349	-1.26972	0.715928	24.0	0.215033	-1.21277	0.782483
2.512	0.0	-0.0847204	-1.23191	0.775626	1.0	-0.0839563	-1.2181	1.07386	2.0	-0.0794121	-1.19274	1.36766	3.0	-0.0741797	-1.18239	1.48987	4.0	-0.215871	-1.12128	1.26469	5.0	-0.315163	-1.09527	1.06545	6.0	-0.339216	-0.994986	0.868554	7.0	-0.338631	-0.980989	0.796709	8.0	0.0844372	-1.23917	1.25762	9.0	0.162818	-1.3029	1.03941	10.0	0.220262	-1.27966	0.850508	11.0	0.217119	-1.25311	0.765018	12.0	-0.139545	-1.17581	0.778974	13.0	-0.181448	-1.10782	0.483157	14.0	-0.164912	-1.27317	0.155305	15.0	-0.131281	-1.22478	0.0834653	16.0	-0.00664115	-1.22115	0.776417	17.0	0.0276118	-1.26071	0.467122	18.0	0.00245334	-1.30988	0.150304	19.0	0.0337152	-1.23109	0.0913064	20.0	-0.0812943	-1.20123	1.29482	21.0	-0.340629	-0.972917	0.739538	22.0	-0.309002	-0.948456	0.769372	23.0	0.215391	-1.24643	0.696778	24.0	0.204061	-1.21533	0.768345
2.546	0.0	-0.0832825	-1.22211	0.774689	1.0	-0.078291	-1.20888	1.07217	2.0	-0.0677724	-1.18318	1.3648	3.0	-0.0645503	-1.17033	1.49104	4.0	-0.206677	-1.10792	1.2631	5.0	-0.31463	-1.09612	1.06144	6.0	-0.339825	-0.999277	0.866525	7.0	-0.344903	-0.991002	0.797534	8.0	0.0873847	-1.23242	1.2576	9.0	0.165756	-1.29362	1.03464	10.0	0.222296	-1.26779	0.843346	11.0	0.216623	-1.2486	0.768488	12.0	-0.136819	-1.16018	0.77924	13.0	-0.184459	-1.07558	0.492258	14.0	-0.161441	-1.23755	0.159447	15.0	-0.141848	-1.18195	0.0860067	16.0	-0.00609173	-1.21576	0.774914	17.0	0.0258912	-1.25493	0.473217	18.0	0.00240487	-1.30962	0.150394	19.0	0.0230248	-1.23686	0.0842968	20.0	-0.071375	-1.19181	1.2923	21.0	-0.34519	-0.978808	0.740945	22.0	-0.31759	-0.975227	0.772198	23.0	0.225636	-1.22968	0.707168	24.0	0.196441	-1.24626	0.733423
2.579	0.0	-0.0789772	-1.2025	0.774926	1.0	-0.0719841	-1.18995	1.0728	2.0	-0.060789	-1.1663	1.36598	3.0	-0.061899	-1.16133	1.49208	4.0	-0.201115	-1.0937	1.26124	5.0	-0.313193	-1.09069	1.05618	6.0	-0.346929	-1.02655	0.859754	7.0	-0.35782	-1.02142	0.779609	8.0	0.0942575	-1.21354	1.25371	9.0	0.170054	-1.27937	1.03094	10.0	0.220066	-1.25049	0.845296	11.0	0.218051	-1.23976	0.759895	12.0	-0.132963	-1.14257	0.78112	13.0	-0.185706	-1.05381	0.490555	14.0	-0.17432	-1.17945	0.176322	15.0	-0.156872	-1.14356	0.0930082	16.0	-0.00170695	-1.19581	0.773107	17.0	0.0250434	-1.24797	0.458959	18.0	0.00281459	-1.30995	0.149728	19.0	0.0225189	-1.23698	0.0846261	20.0	-0.0643839	-1.17433	1.29334	21.0	-0.358598	-1.0224	0.721335	22.0	-0.338267	-1.01842	0.734283	23.0	0.216785	-1.2416	0.694287	24.0	0.21238	-1.20145	0.757278
2.612	0.0	-0.0768262	-1.19173	0.776306	1.0	-0.0694026	-1.17924	1.07364	2.0	-0.0578696	-1.15537	1.36637	3.0	-0.053462	-1.14026	1.4904	4.0	-0.20014	-1.08097	1.26346	5.0	-0.312638	-1.09072	1.05356	6.0	-0.348495	-1.02945	0.85924	7.0	-0.362927	-1.03372	0.7857	8.0	0.0962156	-1.19819	1.25447	9.0	0.174283	-1.25923	1.03397	10.0	0.218039	-1.24106	0.845428	11.0	0.224064	-1.21664	0.762069	12.0	-0.130746	-1.13151	0.782835	13.0	-0.185657	-1.02087	0.496026	14.0	-0.176087	-1.16052	0.175892	15.0	-0.169241	-1.07648	0.0986774	16.0	0.000445777	-1.18509	0.774136	17.0	0.0253177	-1.24166	0.461013	18.0	0.00160029	-1.30878	0.148444	19.0	0.0244458	-1.23767	0.0835055	20.0	-0.0615273	-1.16348	1.29382	21.0	-0.354163	-1.02666	0.721349	22.0	-0.334438	-1.00954	0.768839	23.0	0.2225	-1.212	0.697774	24.0	0.247762	-1.18561	0.782393
2.645	0.0	-0.0750697	-1.18181	0.774689	1.0	-0.0694386	-1.16677	1.07164	2.0	-0.0601971	-1.1397	1.36395	3.0	-0.0513287	-1.11707	1.48622	4.0	-0.201069	-1.0627	1.26244	5.0	-0.315104	-1.08166	1.03845	6.0	-0.351646	-1.03142	0.853104	7.0	-0.371201	-1.05034	0.773677	8.0	0.100198	-1.18324	1.2531	9.0	0.175807	-1.24817	1.03339	10.0	0.230971	-1.2115	0.838175	11.0	0.228112	-1.19826	0.760423	12.0	-0.12976	-1.12473	0.781208	13.0	-0.185052	-1.005	0.498515	14.0	-0.186397	-1.06896	0.176531	15.0	-0.16467	-0.985339	0.0863938	16.0	0.00321463	-1.17135	0.772659	17.0	0.0275646	-1.23536	0.460385	18.0	-0.000252742	-1.30208	0.151686	19.0	0.0361617	-1.22612	0.0894084	20.0	-0.0632205	-1.14868	1.29151	21.0	-0.372429	-1.04899	0.708516	22.0	-0.340606	-1.01736	0.794706	23.0	0.226082	-1.20763	0.697115	24.0	0.254964	-1.16544	0.760019
2.68	0.0	-0.0737769	-1.16959	0.775196	1.0	-0.0676511	-1.15099	1.07268	2.0	-0.0576349	-1.12066	1.36566	3.0	-0.0548446	-1.09361	1.48955	4.0	-0.202523	-1.04517	1.26126	5.0	-0.316847	-1.07547	1.0341	6.0	-0.355822	-1.03283	0.847059	7.0	-0.382113	-1.0616	0.767354	8.0	0.100083	-1.16508	1.25513	9.0	0.176579	-1.21882	1.04005	10.0	0.228969	-1.20656	0.837668	11.0	0.228982	-1.18763	0.758424	12.0	-0.128076	-1.1113	0.780877	13.0	-0.186236	-0.981199	0.493893	14.0	-0.195877	-1.00588	0.169117	15.0	-0.16578	-0.940473	0.0960876	16.0	0.00407785	-1.16081	0.773837	17.0	0.028389	-1.2213	0.46939	18.0	9.87203e-05	-1.3006	0.151994	19.0	0.0360949	-1.22641	0.0904403	20.0	-0.0608838	-1.13041	1.29305	21.0	-0.394283	-1.08455	0.713849	22.0	-0.357912	-1.03601	0.766725	23.0	0.226661	-1.19687	0.699028	24.0	0.254931	-1.16111	0.74736
2.712	0.0	-0.0741121	-1.15365	0.771544	1.0	-0.0684449	-1.1282	1.06699	2.0	-0.0588651	-1.0903	1.35756	3.0	-0.0605808	-1.0801	1.48625	4.0	-0.205106	-1.02614	1.25624	5.0	-0.316178	-1.06286	1.03123	6.0	-0.362074	-1.03408	0.843332	7.0	-0.389804	-1.0596	0.770778	8.0	0.0959053	-1.13977	1.25442	9.0	0.178346	-1.20701	1.04231	10.0	0.226215	-1.18112	0.834458	11.0	0.228836	-1.16773	0.758539	12.0	-0.128532	-1.09734	0.776956	13.0	-0.181482	-0.961101	0.480484	14.0	-0.205915	-0.946893	0.172042	15.0	-0.172787	-0.872335	0.0971233	16.0	0.00390532	-1.14294	0.770622	17.0	0.0278378	-1.21636	0.46847	18.0	0.000519843	-1.30043	0.151748	19.0	0.0404156	-1.2231	0.0889752	20.0	-0.0620132	-1.10202	1.28558	21.0	-0.398748	-1.09472	0.713015	22.0	-0.386048	-1.02991	0.744755	23.0	0.232406	-1.16325	0.700488	24.0	0.256812	-1.14814	0.753868
2.745	0.0	-0.075387	-1.13995	0.767492	1.0	-0.0698756	-1.11182	1.06355	2.0	-0.0602871	-1.07225	1.35518	3.0	-0.0760143	-1.04524	1.47834	4.0	-0.208357	-1.01257	1.25649	5.0	-0.325401	-1.03701	1.02319	6.0	-0.367335	-1.03714	0.832785	7.0	-0.388227	-1.044	0.77348	8.0	0.0954961	-1.11497	1.25018	9.0	0.177215	-1.18827	1.04436	10.0	0.226578	-1.17313	0.832783	11.0	0.229836	-1.15581	0.759366	12.0	-0.129941	-1.08326	0.772066	13.0	-0.179888	-0.951124	0.47488	14.0	-0.203156	-0.897543	0.168014	15.0	-0.163378	-0.798085	0.0911494	16.0	0.00281893	-1.12972	0.767431	17.0	0.0262317	-1.21033	0.465292	18.0	0.000799012	-1.30028	0.151994	19.0	0.042639	-1.22468	0.0869551	20.0	-0.0634538	-1.08429	1.2829	21.0	-0.372432	-1.04633	0.710018	22.0	-0.357405	-1.02763	0.746152	23.0	0.233763	-1.15823	0.700899	24.0	0.248757	-1.1262	0.788452
2.779	0.0	-0.0762318	-1.122	0.762019	1.0	-0.0780762	-1.08284	1.05759	2.0	-0.0792296	-1.02849	1.34895	3.0	-0.0794267	-1.01961	1.47396	4.0	-0.210412	-0.962626	1.24196	5.0	-0.327884	-1.02399	1.01722	6.0	-0.373619	-1.03896	0.828273	7.0	-0.394629	-1.04263	0.750536	8.0	0.0892626	-1.08431	1.24632	9.0	0.177181	-1.1609	1.041	10.0	0.22884	-1.15542	0.830039	11.0	0.23505	-1.13572	0.764174	12.0	-0.131302	-1.06488	0.764291	13.0	-0.1788	-0.927817	0.462536	14.0	-0.190226	-0.841321	0.16373	15.0	-0.154062	-0.759281	0.0988166	16.0	0.00254868	-1.11206	0.7642	17.0	0.0222181	-1.19739	0.467565	18.0	0.000771116	-1.29927	0.152122	19.0	0.0396273	-1.22397	0.0885144	20.0	-0.0793849	-1.04457	1.2767	21.0	-0.391987	-1.05608	0.699937	22.0	-0.369222	-1.04681	0.717383	23.0	0.239207	-1.1385	0.702554	24.0	0.262725	-1.10814	0.776051
2.812	0.0	-0.0778996	-1.10165	0.752382	1.0	-0.080339	-1.06294	1.04958	2.0	-0.0796497	-1.01344	1.34307	3.0	-0.0914964	-0.987002	1.46283	4.0	-0.215537	-0.956879	1.23675	5.0	-0.335474	-0.999751	1.00597	6.0	-0.396654	-1.00365	0.819484	7.0	-0.399634	-1.02869	0.737872	8.0	0.0793175	-1.05939	1.24329	9.0	0.174444	-1.14372	1.0348	10.0	0.232685	-1.13763	0.824627	11.0	0.238667	-1.12387	0.757853	12.0	-0.13266	-1.04248	0.753405	13.0	-0.177222	-0.919657	0.46226	14.0	-0.184599	-0.830772	0.159119	15.0	-0.143521	-0.718917	0.122391	16.0	0.00077295	-1.09396	0.756083	17.0	0.0206177	-1.19626	0.464928	18.0	0.000892129	-1.2977	0.148924	19.0	0.0329444	-1.2363	0.0826349	20.0	-0.0804495	-1.02798	1.27028	21.0	-0.388156	-1.03384	0.687882	22.0	-0.365842	-1.00581	0.722569	23.0	0.251212	-1.12666	0.701258	24.0	0.252233	-1.0886	0.783341
2.846	0.0	-0.0821988	-1.08523	0.745962	1.0	-0.0912716	-1.03461	1.04017	2.0	-0.0986079	-0.968959	1.32934	3.0	-0.0958202	-0.955081	1.46008	4.0	-0.238845	-0.912833	1.22468	5.0	-0.342588	-0.968017	0.987449	6.0	-0.399324	-1.00186	0.803143	7.0	-0.402659	-1.00556	0.721738	8.0	0.0711736	-1.03535	1.2374	9.0	0.168703	-1.11879	1.03184	10.0	0.235102	-1.11992	0.821675	11.0	0.241087	-1.10862	0.760455	12.0	-0.136076	-1.02777	0.74759	13.0	-0.170371	-0.880348	0.453918	14.0	-0.178601	-0.816922	0.15641	15.0	-0.134053	-0.706501	0.118138	16.0	-0.00434032	-1.07582	0.74922	17.0	0.0186541	-1.18435	0.4633	18.0	0.000352436	-1.29792	0.149021	19.0	0.0287464	-1.23791	0.0806263	20.0	-0.0974263	-0.987782	1.25772	21.0	-0.400238	-1.01625	0.671581	22.0	-0.380899	-1.00879	0.696819	23.0	0.253962	-1.10668	0.697176	24.0	0.260851	-1.07951	0.782069
2.879	0.0	-0.0860202	-1.06644	0.742701	1.0	-0.0955893	-1.01537	1.03805	2.0	-0.101216	-0.9539	1.32882	3.0	-0.115696	-0.923184	1.45501	4.0	-0.244958	-0.901147	1.21812	5.0	-0.346415	-0.957229	0.978193	6.0	-0.399047	-0.950613	0.783948	7.0	-0.403769	-0.965348	0.710079	8.0	0.0555151	-0.993457	1.24205	9.0	0.160584	-1.09823	1.02858	10.0	0.238016	-1.09376	0.820757	11.0	0.248547	-1.08013	0.760098	12.0	-0.140495	-1.00385	0.742061	13.0	-0.173081	-0.866869	0.45253	14.0	-0.176298	-0.810403	0.150436	15.0	-0.138097	-0.698419	0.112499	16.0	-0.00742273	-1.06161	0.747884	17.0	0.0096454	-1.16495	0.46258	18.0	-0.00206152	-1.29139	0.144024	19.0	0.0389921	-1.21886	0.0868765	20.0	-0.100576	-0.971395	1.2568	21.0	-0.40166	-0.986935	0.652615	22.0	-0.383133	-0.970359	0.682548	23.0	0.247979	-1.10062	0.696281	24.0	0.288472	-1.04171	0.748341
2.913	0.0	-0.0896232	-1.04774	0.742648	1.0	-0.10347	-0.988381	1.03654	2.0	-0.114166	-0.91563	1.32541	3.0	-0.127165	-0.89632	1.45155	4.0	-0.263609	-0.867827	1.20778	5.0	-0.359352	-0.92492	0.964096	6.0	-0.401218	-0.916492	0.767876	7.0	-0.410423	-0.941153	0.70176	8.0	0.0482189	-0.974281	1.23985	9.0	0.154287	-1.05666	1.02337	10.0	0.233183	-1.06415	0.823308	11.0	0.242605	-1.05865	0.765127	12.0	-0.142977	-0.990693	0.741717	13.0	-0.173006	-0.859101	0.454215	14.0	-0.177604	-0.807286	0.150201	15.0	-0.13693	-0.697261	0.111626	16.0	-0.012032	-1.03738	0.748581	17.0	0.00648453	-1.15612	0.459055	18.0	-0.00120968	-1.28868	0.145657	19.0	0.0386397	-1.21421	0.0898878	20.0	-0.112244	-0.936106	1.25387	21.0	-0.404546	-0.946681	0.644629	22.0	-0.388684	-0.942648	0.66686	23.0	0.258202	-1.05709	0.708053	24.0	0.266294	-1.02901	0.792815
2.945	0.0	-0.0977272	-1.02719	0.741922	1.0	-0.110852	-0.966005	1.03798	2.0	-0.119282	-0.894183	1.3293	3.0	-0.142323	-0.866409	1.45697	4.0	-0.264354	-0.835569	1.19994	5.0	-0.361109	-0.894167	0.960819	6.0	-0.399188	-0.886681	0.731712	7.0	-0.408208	-0.894979	0.691937	8.0	0.0361304	-0.936921	1.24638	9.0	0.142604	-1.02826	1.03899	10.0	0.227253	-1.04659	0.82316	11.0	0.232533	-1.03889	0.77521	12.0	-0.153083	-0.967489	0.740744	13.0	-0.176078	-0.844493	0.453589	14.0	-0.182703	-0.804766	0.145737	15.0	-0.141725	-0.694309	0.106803	16.0	-0.0178992	-1.02019	0.748134	17.0	0.00480982	-1.1358	0.464201	18.0	-0.000104533	-1.27974	0.148786	19.0	0.0396708	-1.21221	0.0881726	20.0	-0.118025	-0.914232	1.25714	21.0	-0.406663	-0.894226	0.645396	22.0	-0.381809	-0.884526	0.672503	23.0	0.249677	-1.02971	0.718194	24.0	0.261872	-1.01469	0.77988
2.979	0.0	-0.10469	-1.01189	0.747108	1.0	-0.119431	-0.946294	1.04271	2.0	-0.129699	-0.868631	1.3336	3.0	-0.154753	-0.8382	1.46176	4.0	-0.27331	-0.819622	1.20621	5.0	-0.360532	-0.865933	0.975492	6.0	-0.39485	-0.829412	0.737341	7.0	-0.402247	-0.839049	0.696534	8.0	0.0319433	-0.924113	1.25132	9.0	0.143086	-1.02247	1.03932	10.0	0.223277	-1.03243	0.829041	11.0	0.218539	-1.02208	0.781057	12.0	-0.158591	-0.954	0.745286	13.0	-0.178835	-0.838611	0.45459	14.0	-0.186312	-0.801054	0.156617	15.0	-0.144986	-0.691205	0.117119	16.0	-0.0261424	-1.00308	0.753936	17.0	0.00465475	-1.12477	0.465269	18.0	0.00087462	-1.26341	0.146259	19.0	0.0566649	-1.18775	0.0746943	20.0	-0.127991	-0.890242	1.26154	21.0	-0.397283	-0.850402	0.644791	22.0	-0.38096	-0.844123	0.676125	23.0	0.237068	-1.0017	0.724394	24.0	0.24415	-0.991761	0.834772
3.012	0.0	-0.1097	-0.993091	0.755843	1.0	-0.124819	-0.930273	1.04857	2.0	-0.134968	-0.855903	1.33703	3.0	-0.157902	-0.822678	1.46325	4.0	-0.280108	-0.799401	1.21024	5.0	-0.367466	-0.817946	0.991463	6.0	-0.394842	-0.783453	0.783892	7.0	-0.401909	-0.787336	0.705277	8.0	0.0174047	-0.894492	1.26136	9.0	0.135223	-0.999142	1.04453	10.0	0.220808	-1.00102	0.830909	11.0	0.209921	-0.995515	0.789959	12.0	-0.16379	-0.933633	0.753083	13.0	-0.181391	-0.833111	0.456231	14.0	-0.186335	-0.801121	0.156561	15.0	-0.146536	-0.690764	0.117448	16.0	-0.0306888	-0.985894	0.763418	17.0	0.000899676	-1.09907	0.468826	18.0	-0.00652697	-1.24728	0.156072	19.0	0.04964	-1.18597	0.0819099	20.0	-0.133334	-0.876654	1.26553	21.0	-0.411081	-0.801471	0.642114	22.0	-0.389074	-0.799639	0.686068	23.0	0.214659	-0.998754	0.742276	24.0	0.237887	-0.948208	0.796458
3.046	0.0	-0.11148	-0.980333	0.760707	1.0	-0.132767	-0.912878	1.05293	2.0	-0.151625	-0.832417	1.34041	3.0	-0.170599	-0.790947	1.4674	4.0	-0.284785	-0.779575	1.21125	5.0	-0.370097	-0.802859	0.991014	6.0	-0.399893	-0.731661	0.79951	7.0	-0.397766	-0.733726	0.713422	8.0	0.0127272	-0.882452	1.26475	9.0	0.13077	-0.97773	1.04913	10.0	0.195643	-0.973962	0.828736	11.0	0.204249	-0.972488	0.789458	12.0	-0.165343	-0.923218	0.757001	13.0	-0.182808	-0.831118	0.457635	14.0	-0.185536	-0.801357	0.155092	15.0	-0.143794	-0.691855	0.115777	16.0	-0.0325441	-0.970679	0.769264	17.0	-0.0013116	-1.08308	0.473541	18.0	-0.0159709	-1.21996	0.174274	19.0	0.0486993	-1.17909	0.0872753	20.0	-0.147559	-0.854785	1.26922	21.0	-0.398041	-0.735837	0.650791	22.0	-0.369108	-0.728707	0.735903	23.0	0.206265	-0.973494	0.743328	24.0	0.237585	-0.938459	0.818516
3.079	0.0	-0.113745	-0.962655	0.764948	1.0	-0.136143	-0.894764	1.05547	2.0	-0.154295	-0.816168	1.34131	3.0	-0.175524	-0.776282	1.47147	4.0	-0.287919	-0.762233	1.21109	5.0	-0.375464	-0.774372	0.992939	6.0	-0.391056	-0.68508	0.805702	7.0	-0.393485	-0.671646	0.726852	8.0	0.00802783	-0.864189	1.26864	9.0	0.125767	-0.966503	1.05292	10.0	0.207009	-0.947457	0.864068	11.0	0.201257	-0.954503	0.799437	12.0	-0.168116	-0.903065	0.761156	13.0	-0.187441	-0.82112	0.458036	14.0	-0.185996	-0.804256	0.15138	15.0	-0.144288	-0.694817	0.112235	16.0	-0.0341911	-0.955602	0.773433	17.0	-0.00168032	-1.06073	0.482751	18.0	-0.0144987	-1.20543	0.166328	19.0	0.0539324	-1.15258	0.0929475	20.0	-0.150583	-0.837886	1.2705	21.0	-0.389188	-0.659193	0.667143	22.0	-0.367535	-0.666393	0.709713	23.0	0.205917	-0.950974	0.753353	24.0	0.230733	-0.928803	0.818605
3.112	0.0	-0.119613	-0.942367	0.772602	1.0	-0.144187	-0.872927	1.05881	2.0	-0.164349	-0.791518	1.34025	3.0	-0.177548	-0.765229	1.4732	4.0	-0.297448	-0.731545	1.22552	5.0	-0.37935	-0.750881	0.998044	6.0	-0.398884	-0.669007	0.807952	7.0	-0.386687	-0.616427	0.739714	8.0	0.00647594	-0.855871	1.27044	9.0	0.118535	-0.950658	1.05682	10.0	0.204076	-0.940319	0.86925	11.0	0.203669	-0.922088	0.80316	12.0	-0.173599	-0.881856	0.769014	13.0	-0.19181	-0.810524	0.463399	14.0	-0.185267	-0.803956	0.150271	15.0	-0.157587	-0.740492	0.0850825	16.0	-0.0401739	-0.936478	0.780776	17.0	-0.00741962	-1.04524	0.478582	18.0	-0.0135166	-1.17286	0.162298	19.0	0.0442528	-1.11288	0.0965199	20.0	-0.160177	-0.814032	1.27058	21.0	-0.394248	-0.624357	0.670854	22.0	-0.383124	-0.619172	0.663415	23.0	0.209288	-0.920896	0.75312	24.0	0.222929	-0.879809	0.822462
3.146	0.0	-0.119576	-0.930986	0.77444	1.0	-0.146405	-0.86095	1.0606	2.0	-0.16847	-0.779579	1.3421	3.0	-0.185011	-0.741424	1.47831	4.0	-0.299958	-0.724234	1.22731	5.0	-0.378967	-0.710366	1.01658	6.0	-0.386186	-0.609316	0.833498	7.0	-0.382843	-0.563093	0.760408	8.0	-0.00113053	-0.841813	1.2735	9.0	0.116109	-0.939079	1.06024	10.0	0.200319	-0.917774	0.872239	11.0	0.194923	-0.914308	0.813458	12.0	-0.173559	-0.871664	0.769722	13.0	-0.193041	-0.808312	0.461522	14.0	-0.185101	-0.803883	0.149229	15.0	-0.155349	-0.733367	0.0791814	16.0	-0.0400863	-0.923807	0.783888	17.0	-0.00575894	-1.02791	0.479813	18.0	-0.0141202	-1.14363	0.170658	19.0	0.0330271	-1.07489	0.0960241	20.0	-0.163865	-0.802027	1.27239	21.0	-0.380732	-0.544331	0.696484	22.0	-0.3992	-0.544944	0.751924	23.0	0.199666	-0.916349	0.747444	24.0	0.193919	-0.86838	0.808695
3.18	0.0	-0.120007	-0.913069	0.77568	1.0	-0.148285	-0.84647	1.06351	2.0	-0.171302	-0.768115	1.34644	3.0	-0.187407	-0.736092	1.478	4.0	-0.302695	-0.707775	1.23023	5.0	-0.379482	-0.692021	1.01781	6.0	-0.387982	-0.568531	0.84774	7.0	-0.37817	-0.513037	0.776493	8.0	-0.00401407	-0.830345	1.27609	9.0	0.112269	-0.927877	1.06475	10.0	0.196355	-0.913608	0.876311	11.0	0.19555	-0.901779	0.808275	12.0	-0.173919	-0.853979	0.769794	13.0	-0.19403	-0.803766	0.462517	14.0	-0.185882	-0.803138	0.149607	15.0	-0.157008	-0.738991	0.0823866	16.0	-0.0404879	-0.905829	0.78623	17.0	-0.0063975	-0.998451	0.475787	18.0	-0.0162423	-1.08804	0.167866	19.0	0.0308448	-1.01915	0.0909362	20.0	-0.166494	-0.789859	1.27638	21.0	-0.382781	-0.492142	0.730512	22.0	-0.391962	-0.494504	0.718964	23.0	0.196981	-0.89927	0.749389	24.0	0.178657	-0.890034	0.784262
3.212	0.0	-0.12261	-0.902922	0.776651	1.0	-0.149711	-0.838917	1.06538	2.0	-0.171813	-0.763001	1.34901	3.0	-0.189298	-0.725715	1.48303	4.0	-0.304714	-0.703456	1.23179	5.0	-0.36969	-0.65816	1.04117	6.0	-0.38602	-0.542852	0.861472	7.0	-0.370586	-0.474327	0.780655	8.0	-0.00531325	-0.818328	1.27716	9.0	0.102701	-0.909046	1.07344	10.0	0.190231	-0.902124	0.886817	11.0	0.19519	-0.886738	0.81461	12.0	-0.176287	-0.843289	0.770738	13.0	-0.195106	-0.800923	0.463977	14.0	-0.185436	-0.804843	0.146793	15.0	-0.157007	-0.738994	0.0823845	16.0	-0.0432188	-0.896278	0.787189	17.0	-0.0143168	-0.973726	0.473912	18.0	-0.0200815	-1.06689	0.16377	19.0	0.0359557	-0.999128	0.0856198	20.0	-0.167212	-0.784165	1.2788	21.0	-0.363976	-0.442146	0.731386	22.0	-0.347835	-0.467139	0.775051	23.0	0.198528	-0.87701	0.751502	24.0	0.178044	-0.868271	0.782954
3.245	0.0	-0.125869	-0.887611	0.777948	1.0	-0.151793	-0.823453	1.0666	2.0	-0.172554	-0.748295	1.35039	3.0	-0.192476	-0.70925	1.48394	4.0	-0.306232	-0.687019	1.2387	5.0	-0.369588	-0.651266	1.03943	6.0	-0.38372	-0.515679	0.865456	7.0	-0.372695	-0.447824	0.785841	8.0	-0.00675702	-0.811831	1.27845	9.0	0.10358	-0.905798	1.07245	10.0	0.187348	-0.892675	0.884345	11.0	0.189709	-0.878038	0.81798	12.0	-0.179064	-0.827267	0.771986	13.0	-0.1953	-0.799969	0.462714	14.0	-0.185288	-0.805077	0.146776	15.0	-0.157309	-0.741248	0.0822625	16.0	-0.0468156	-0.881734	0.788506	17.0	-0.0122243	-0.9553	0.463559	18.0	-0.0248098	-1.03038	0.154463	19.0	0.0234928	-0.94851	0.0842002	20.0	-0.168301	-0.769166	1.28011	21.0	-0.363363	-0.418836	0.730602	22.0	-0.357036	-0.427874	0.740528	23.0	0.202248	-0.888348	0.759986	24.0	0.209487	-0.882747	0.760708
3.279	0.0	-0.126807	-0.876285	0.778332	1.0	-0.153347	-0.815181	1.06769	2.0	-0.174506	-0.742421	1.35207	3.0	-0.191798	-0.704947	1.48497	4.0	-0.304199	-0.670918	1.23945	5.0	-0.364088	-0.628627	1.0411	6.0	-0.368618	-0.467803	0.870865	7.0	-0.358402	-0.411353	0.795621	8.0	-0.00810432	-0.80018	1.28023	9.0	0.0965898	-0.898363	1.0756	10.0	0.182767	-0.887091	0.88872	11.0	0.185382	-0.8803	0.815563	12.0	-0.179339	-0.816605	0.771333	13.0	-0.196129	-0.796563	0.460092	14.0	-0.185669	-0.80465	0.147536	15.0	-0.138534	-0.697339	0.11024	16.0	-0.0484017	-0.869671	0.79	17.0	-0.0081507	-0.923171	0.462262	18.0	-0.0230744	-0.975296	0.156894	19.0	0.0151434	-0.894282	0.071121	20.0	-0.170173	-0.762751	1.28166	21.0	-0.350081	-0.37769	0.736199	22.0	-0.343804	-0.39818	0.773335	23.0	0.191964	-0.89091	0.7585	24.0	0.207634	-0.891591	0.769731
3.312	0.0	-0.128285	-0.856679	0.779938	1.0	-0.15383	-0.795901	1.07046	2.0	-0.174075	-0.724123	1.35611	3.0	-0.189065	-0.696759	1.48574	4.0	-0.300286	-0.658403	1.23963	5.0	-0.359123	-0.601934	1.04092	6.0	-0.362967	-0.45393	0.872045	7.0	-0.346556	-0.380438	0.798289	8.0	-0.00798801	-0.7883	1.2819	9.0	0.0942393	-0.888201	1.07554	10.0	0.179792	-0.874031	0.88857	11.0	0.187277	-0.858499	0.817769	12.0	-0.181583	-0.797177	0.772334	13.0	-0.195044	-0.791437	0.456706	14.0	-0.184729	-0.803643	0.148145	15.0	-0.137165	-0.696743	0.11106	16.0	-0.0489413	-0.850079	0.792152	17.0	-0.000667735	-0.886035	0.463362	18.0	-0.020073	-0.934436	0.154596	19.0	0.0143467	-0.855084	0.0881723	20.0	-0.169969	-0.74415	1.28538	21.0	-0.346133	-0.355102	0.741633	22.0	-0.323548	-0.370676	0.823076	23.0	0.190252	-0.855797	0.753187	24.0	0.217517	-0.845152	0.800353
3.345	0.0	-0.128463	-0.843146	0.779631	1.0	-0.153945	-0.78864	1.07177	2.0	-0.174156	-0.720836	1.3582	3.0	-0.188323	-0.68765	1.48894	4.0	-0.296512	-0.647269	1.24074	5.0	-0.352858	-0.580733	1.04428	6.0	-0.354928	-0.432408	0.874029	7.0	-0.337524	-0.365455	0.801358	8.0	-0.00698753	-0.781838	1.28347	9.0	0.0957473	-0.880358	1.07056	10.0	0.179977	-0.871723	0.883114	11.0	0.185909	-0.85105	0.819324	12.0	-0.180922	-0.780921	0.772364	13.0	-0.193818	-0.785871	0.453175	14.0	-0.184146	-0.803785	0.145912	15.0	-0.156013	-0.74492	0.0796148	16.0	-0.0497299	-0.839012	0.791574	17.0	-0.000656761	-0.866416	0.462455	18.0	-0.0225693	-0.895557	0.146707	19.0	0.0349813	-0.797284	0.081598	20.0	-0.170057	-0.740075	1.28732	21.0	-0.328644	-0.336668	0.751184	22.0	-0.329828	-0.316612	0.794482	23.0	0.202133	-0.860567	0.769546	24.0	0.203203	-0.856885	0.862887
3.379	0.0	-0.129385	-0.829176	0.780485	1.0	-0.152064	-0.77575	1.07341	2.0	-0.169816	-0.710416	1.36095	3.0	-0.186028	-0.674707	1.49177	4.0	-0.294106	-0.6307	1.23989	5.0	-0.349995	-0.578639	1.04588	6.0	-0.346871	-0.419904	0.877739	7.0	-0.326642	-0.357605	0.805879	8.0	-0.0051846	-0.776222	1.28506	9.0	0.0921145	-0.873653	1.07312	10.0	0.178267	-0.85846	0.886736	11.0	0.180648	-0.8526	0.816022	12.0	-0.181365	-0.766468	0.772845	13.0	-0.192239	-0.781125	0.452021	14.0	-0.184234	-0.802169	0.146282	15.0	-0.158294	-0.742477	0.0790993	16.0	-0.0510743	-0.825832	0.792737	17.0	0.00224411	-0.834531	0.460043	18.0	-0.0237911	-0.850625	0.1456	19.0	0.03634	-0.779908	0.0774644	20.0	-0.166295	-0.728949	1.28978	21.0	-0.330223	-0.338614	0.749953	22.0	-0.288745	-0.329258	0.805712	23.0	0.192985	-0.839944	0.752685	24.0	0.205691	-0.855919	0.826931
3.413	0.0	-0.128995	-0.8158	0.779935	1.0	-0.151112	-0.765731	1.07325	2.0	-0.168433	-0.703843	1.36129	3.0	-0.181232	-0.669295	1.49325	4.0	-0.293855	-0.6306	1.24026	5.0	-0.348313	-0.569065	1.04609	6.0	-0.343174	-0.416643	0.876326	7.0	-0.318173	-0.354611	0.803142	8.0	-0.00245683	-0.773441	1.28539	9.0	0.0927427	-0.867859	1.06634	10.0	0.179352	-0.850068	0.88039	11.0	0.182907	-0.8419	0.812134	12.0	-0.180461	-0.752132	0.772971	13.0	-0.1935	-0.77195	0.45	14.0	-0.183669	-0.80078	0.14668	15.0	-0.154718	-0.739994	0.0814004	16.0	-0.051137	-0.81339	0.791574	17.0	0.0042182	-0.81331	0.457042	18.0	-0.0180273	-0.818149	0.140372	19.0	0.0371637	-0.720506	0.0736197	20.0	-0.165002	-0.721505	1.29	21.0	-0.301588	-0.329077	0.742304	22.0	-0.306781	-0.298445	0.791388	23.0	0.192111	-0.850053	0.750976	24.0	0.202934	-0.845755	0.80224
3.446	0.0	-0.128524	-0.801268	0.77893	1.0	-0.149565	-0.751802	1.07428	2.0	-0.165626	-0.690868	1.36449	3.0	-0.175484	-0.662988	1.49677	4.0	-0.292453	-0.629006	1.24076	5.0	-0.344201	-0.556412	1.04683	6.0	-0.337366	-0.408851	0.874252	7.0	-0.308691	-0.346153	0.800389	8.0	0.00172617	-0.761547	1.2837	9.0	0.0960664	-0.861975	1.06329	10.0	0.177629	-0.845014	0.875215	11.0	0.180338	-0.832839	0.811267	12.0	-0.179362	-0.735903	0.771844	13.0	-0.195146	-0.762456	0.447235	14.0	-0.181078	-0.797205	0.143434	15.0	-0.150216	-0.730143	0.0817205	16.0	-0.0511862	-0.800545	0.790692	17.0	0.00836745	-0.782727	0.458147	18.0	-0.0159724	-0.788628	0.139782	19.0	0.0264839	-0.7046	0.0802693	20.0	-0.162532	-0.708235	1.29265	21.0	-0.286474	-0.307373	0.748163	22.0	-0.320845	-0.322635	0.794363	23.0	0.196122	-0.828935	0.744537	24.0	0.208216	-0.825858	0.784962
3.479	0.0	-0.127865	-0.787232	0.777872	1.0	-0.147598	-0.746607	1.07452	2.0	-0.163075	-0.689843	1.36537	3.0	-0.171099	-0.658974	1.49633	4.0	-0.272152	-0.597104	1.24286	5.0	-0.33637	-0.546514	1.04732	6.0	-0.332339	-0.405883	0.874058	7.0	-0.299506	-0.346323	0.800306	8.0	0.0064607	-0.754004	1.2806	9.0	0.107382	-0.84258	1.05546	10.0	0.181973	-0.838383	0.86474	11.0	0.187317	-0.818796	0.794768	12.0	-0.178725	-0.72295	0.771112	13.0	-0.194985	-0.753338	0.446207	14.0	-0.182083	-0.796309	0.143674	15.0	-0.153131	-0.731419	0.0803023	16.0	-0.050479	-0.78552	0.789317	17.0	0.00508834	-0.761521	0.464096	18.0	-0.00734193	-0.757816	0.138208	19.0	0.0478643	-0.653383	0.078354	20.0	-0.160232	-0.706499	1.29336	21.0	-0.296713	-0.334647	0.752127	22.0	-0.311667	-0.349235	0.733051	23.0	0.187079	-0.832167	0.735864	24.0	0.207225	-0.822526	0.776312
3.513	0.0	-0.119011	-0.757761	0.775711	1.0	-0.135766	-0.725527	1.07364	2.0	-0.149173	-0.679151	1.36598	3.0	-0.15748	-0.648916	1.49445	4.0	-0.268449	-0.591997	1.24336	5.0	-0.334346	-0.535993	1.04297	6.0	-0.330109	-0.404978	0.872531	7.0	-0.300925	-0.354167	0.793844	8.0	0.0138626	-0.746284	1.2779	9.0	0.109381	-0.834817	1.0567	10.0	0.184362	-0.825714	0.866043	11.0	0.187959	-0.806858	0.789072	12.0	-0.171618	-0.694964	0.769535	13.0	-0.195782	-0.740397	0.438347	14.0	-0.181335	-0.792772	0.141349	15.0	-0.154398	-0.727533	0.0757033	16.0	-0.0397553	-0.754543	0.786623	17.0	0.0070735	-0.742658	0.457908	18.0	0.00398649	-0.7289	0.143563	19.0	0.0444719	-0.646666	0.0719343	20.0	-0.146738	-0.693299	1.29363	21.0	-0.29809	-0.338184	0.743604	22.0	-0.324047	-0.35075	0.805886	23.0	0.184083	-0.807123	0.732013	24.0	0.204928	-0.812002	0.790822
3.545	0.0	-0.117297	-0.746728	0.775489	1.0	-0.131278	-0.714245	1.07377	2.0	-0.140962	-0.66931	1.36679	3.0	-0.14851	-0.638617	1.49974	4.0	-0.263241	-0.584481	1.24301	5.0	-0.333234	-0.53415	1.04156	6.0	-0.320531	-0.400346	0.864172	7.0	-0.298537	-0.360544	0.786063	8.0	0.0190943	-0.743512	1.27907	9.0	0.109573	-0.83048	1.0559	10.0	0.184343	-0.819004	0.865191	11.0	0.188876	-0.800422	0.784361	12.0	-0.168788	-0.683419	0.769927	13.0	-0.195624	-0.71801	0.436631	14.0	-0.17849	-0.782137	0.146639	15.0	-0.154981	-0.726499	0.0772595	16.0	-0.0390923	-0.743967	0.785852	17.0	0.00860805	-0.725246	0.456625	18.0	0.00751599	-0.71976	0.146459	19.0	0.0400548	-0.64742	0.0729864	20.0	-0.139435	-0.682801	1.29426	21.0	-0.288611	-0.341956	0.732966	22.0	-0.311322	-0.331863	0.779996	23.0	0.19323	-0.806893	0.723103	24.0	0.186118	-0.79982	0.74136
3.579	0.0	-0.115281	-0.728135	0.77292	1.0	-0.128067	-0.70292	1.07212	2.0	-0.137086	-0.663838	1.36593	3.0	-0.143106	-0.637615	1.49937	4.0	-0.258901	-0.578985	1.24472	5.0	-0.329497	-0.528697	1.03873	6.0	-0.316407	-0.399171	0.853352	7.0	-0.300708	-0.368473	0.778417	8.0	0.0269938	-0.731401	1.27656	9.0	0.109089	-0.824266	1.05435	10.0	0.183514	-0.809814	0.863542	11.0	0.19012	-0.791861	0.778701	12.0	-0.167445	-0.667075	0.768221	13.0	-0.193173	-0.709987	0.439234	14.0	-0.177513	-0.78209	0.143282	15.0	-0.153701	-0.725948	0.0759157	16.0	-0.0363208	-0.723134	0.782399	17.0	0.0120942	-0.712703	0.454711	18.0	0.0114794	-0.718229	0.145696	19.0	0.0629463	-0.612009	0.112559	20.0	-0.135662	-0.676024	1.29322	21.0	-0.294363	-0.356045	0.724377	22.0	-0.307642	-0.329668	0.796733	23.0	0.192681	-0.809587	0.712359	24.0	0.177238	-0.774556	0.758944
3.612	0.0	-0.109922	-0.711847	0.773964	1.0	-0.117948	-0.689499	1.07272	2.0	-0.120452	-0.653975	1.36631	3.0	-0.135161	-0.632558	1.4997	4.0	-0.253986	-0.572894	1.24619	5.0	-0.327483	-0.527807	1.03694	6.0	-0.316843	-0.402421	0.850576	7.0	-0.308167	-0.382766	0.775418	8.0	0.0374152	-0.723474	1.2735	9.0	0.118766	-0.808193	1.04842	10.0	0.187254	-0.798405	0.855477	11.0	0.195404	-0.78245	0.770052	12.0	-0.162098	-0.650033	0.770424	13.0	-0.18712	-0.681086	0.448711	14.0	-0.17762	-0.777807	0.141422	15.0	-0.159693	-0.721657	0.0735863	16.0	-0.0310076	-0.707673	0.782384	17.0	0.0196127	-0.696508	0.455822	18.0	0.0116412	-0.71823	0.145749	19.0	0.0480256	-0.639608	0.0730328	20.0	-0.120908	-0.665135	1.29363	21.0	-0.311642	-0.37895	0.717807	22.0	-0.262629	-0.354201	0.757708	23.0	0.199409	-0.777741	0.713942	24.0	0.186927	-0.713464	0.791409
3.645	0.0	-0.103879	-0.692018	0.777014	1.0	-0.113544	-0.679072	1.07459	2.0	-0.118091	-0.650881	1.3672	3.0	-0.121978	-0.625751	1.50093	4.0	-0.241573	-0.560248	1.25224	5.0	-0.323691	-0.527866	1.03741	6.0	-0.319321	-0.406687	0.85084	7.0	-0.316256	-0.392607	0.77292	8.0	0.0463767	-0.709292	1.26943	9.0	0.121535	-0.798068	1.04785	10.0	0.191007	-0.785838	0.855187	11.0	0.19778	-0.774116	0.772284	12.0	-0.155728	-0.628398	0.77592	13.0	-0.190637	-0.628988	0.455889	14.0	-0.179263	-0.767773	0.138034	15.0	-0.158771	-0.709315	0.071459	16.0	-0.0252322	-0.689459	0.783183	17.0	0.0207827	-0.692768	0.455605	18.0	0.0103795	-0.718199	0.145837	19.0	0.0473616	-0.639706	0.0742157	20.0	-0.117984	-0.660516	1.29474	21.0	-0.315616	-0.384758	0.712854	22.0	-0.283994	-0.370759	0.784186	23.0	0.192602	-0.794481	0.70362	24.0	0.225942	-0.742855	0.777743
3.679	0.0	-0.0955729	-0.676968	0.780233	1.0	-0.104351	-0.664259	1.07746	2.0	-0.109277	-0.640045	1.36936	3.0	-0.111061	-0.614163	1.49803	4.0	-0.236001	-0.551488	1.25465	5.0	-0.32092	-0.523192	1.03472	6.0	-0.32709	-0.420152	0.843099	7.0	-0.324321	-0.408611	0.763455	8.0	0.0546824	-0.696432	1.2695	9.0	0.128252	-0.778176	1.04285	10.0	0.188688	-0.756709	0.847509	11.0	0.198782	-0.756862	0.767168	12.0	-0.147866	-0.6147	0.780401	13.0	-0.188094	-0.595263	0.459501	14.0	-0.175285	-0.737119	0.146795	15.0	-0.158076	-0.68423	0.078432	16.0	-0.0165451	-0.673135	0.784863	17.0	0.023975	-0.68543	0.457428	18.0	0.00892314	-0.719146	0.14379	19.0	0.0388149	-0.652508	0.0760166	20.0	-0.108849	-0.648292	1.29711	21.0	-0.324603	-0.408597	0.708324	22.0	-0.314065	-0.406508	0.704082	23.0	0.196927	-0.762192	0.705498	24.0	0.230603	-0.731631	0.772719
3.713	0.0	-0.0900491	-0.664017	0.779815	1.0	-0.0966822	-0.652603	1.07774	2.0	-0.0984956	-0.629268	1.37047	3.0	-0.104309	-0.608199	1.49795	4.0	-0.231085	-0.541363	1.25438	5.0	-0.319566	-0.523146	1.03209	6.0	-0.335971	-0.436522	0.84221	7.0	-0.333577	-0.418741	0.779534	8.0	0.0639035	-0.681653	1.2619	9.0	0.143695	-0.756699	1.03396	10.0	0.194713	-0.752381	0.835861	11.0	0.200081	-0.741739	0.759707	12.0	-0.142727	-0.60202	0.780761	13.0	-0.182907	-0.53943	0.471097	14.0	-0.18211	-0.708044	0.156376	15.0	-0.161901	-0.678835	0.0854054	16.0	-0.0106542	-0.66	0.783672	17.0	0.0240565	-0.684626	0.457769	18.0	0.00732518	-0.718261	0.145709	19.0	0.0367019	-0.653584	0.0766375	20.0	-0.0989486	-0.637282	1.298	21.0	-0.328	-0.426053	0.711945	22.0	-0.314994	-0.430813	0.757809	23.0	0.199279	-0.742099	0.696752	24.0	0.224297	-0.742252	0.756369
3.746	0.0	-0.0860576	-0.650025	0.779288	1.0	-0.0920648	-0.635924	1.07682	2.0	-0.0933238	-0.610476	1.36915	3.0	-0.0925456	-0.591067	1.4993	4.0	-0.226728	-0.532451	1.2553	5.0	-0.319486	-0.521887	1.03209	6.0	-0.3492	-0.454519	0.833118	7.0	-0.348392	-0.449358	0.757322	8.0	0.0732937	-0.66536	1.25914	9.0	0.150491	-0.746233	1.0318	10.0	0.199058	-0.742214	0.832984	11.0	0.202194	-0.731548	0.759009	12.0	-0.138954	-0.589359	0.7812	13.0	-0.179326	-0.498587	0.478717	14.0	-0.183753	-0.672895	0.150544	15.0	-0.166005	-0.611025	0.0781648	16.0	-0.00640472	-0.644598	0.782124	17.0	0.0241381	-0.683435	0.458287	18.0	0.00592009	-0.717919	0.144337	19.0	0.0302262	-0.657937	0.0787926	20.0	-0.0938963	-0.618942	1.29678	21.0	-0.342093	-0.448247	0.699408	22.0	-0.324406	-0.450818	0.702318	23.0	0.198774	-0.750728	0.693997	24.0	0.199902	-0.748526	0.703905
3.779	0.0	-0.0830925	-0.638874	0.778354	1.0	-0.0883252	-0.623262	1.07603	2.0	-0.0887141	-0.596278	1.36853	3.0	-0.087392	-0.578747	1.49995	4.0	-0.223168	-0.516772	1.25411	5.0	-0.31971	-0.521611	1.02808	6.0	-0.348463	-0.457294	0.829477	7.0	-0.350656	-0.450115	0.766844	8.0	0.0769026	-0.650673	1.25942	9.0	0.151702	-0.723817	1.03073	10.0	0.209448	-0.711863	0.821526	11.0	0.209089	-0.703405	0.753758	12.0	-0.13543	-0.578018	0.780516	13.0	-0.177915	-0.473759	0.48412	14.0	-0.190356	-0.61547	0.169216	15.0	-0.169595	-0.561081	0.0867341	16.0	-0.00397506	-0.633738	0.781032	17.0	0.0239428	-0.681992	0.460147	18.0	0.00522734	-0.717115	0.145223	19.0	0.0292498	-0.657436	0.0805455	20.0	-0.0895137	-0.605143	1.29612	21.0	-0.357138	-0.450925	0.693237	22.0	-0.353017	-0.467088	0.721269	23.0	0.207169	-0.714248	0.688755	24.0	0.193399	-0.66683	0.754311
3.812	0.0	-0.0819001	-0.627336	0.778543	1.0	-0.0836694	-0.60866	1.07518	2.0	-0.0795634	-0.577848	1.36632	3.0	-0.0835654	-0.559105	1.50037	4.0	-0.222723	-0.503892	1.25331	5.0	-0.32105	-0.51862	1.02262	6.0	-0.35486	-0.46783	0.826152	7.0	-0.366873	-0.474462	0.752147	8.0	0.080575	-0.637555	1.25908	9.0	0.152643	-0.715033	1.03077	10.0	0.211106	-0.69434	0.832507	11.0	0.215631	-0.682942	0.755677	12.0	-0.133809	-0.565234	0.78082	13.0	-0.173299	-0.436151	0.498788	14.0	-0.196626	-0.547534	0.179105	15.0	-0.173122	-0.494253	0.0933126	16.0	-0.00312754	-0.623421	0.781146	17.0	0.0209182	-0.672755	0.469717	18.0	0.00397192	-0.716121	0.145207	19.0	0.0282677	-0.657516	0.0802781	20.0	-0.0815885	-0.587735	1.29429	21.0	-0.369278	-0.479473	0.691152	22.0	-0.379972	-0.463829	0.779732	23.0	0.219145	-0.676425	0.692451	24.0	0.19831	-0.645917	0.765514
3.845	0.0	-0.0810831	-0.611662	0.776742	1.0	-0.0828704	-0.591951	1.07492	2.0	-0.0794149	-0.56095	1.36782	3.0	-0.0830375	-0.539814	1.49825	4.0	-0.220858	-0.48259	1.25404	5.0	-0.324407	-0.509502	1.0191	6.0	-0.360836	-0.477066	0.820073	7.0	-0.373138	-0.481282	0.748662	8.0	0.0837435	-0.606047	1.25315	9.0	0.156449	-0.685809	1.03264	10.0	0.21419	-0.672394	0.816636	11.0	0.221675	-0.655984	0.759405	12.0	-0.133427	-0.548736	0.779409	13.0	-0.175144	-0.423501	0.496742	14.0	-0.204561	-0.478625	0.165286	15.0	-0.17897	-0.422012	0.0763598	16.0	-0.0018317	-0.608637	0.779039	17.0	0.0177523	-0.66701	0.473224	18.0	0.00393668	-0.715194	0.145641	19.0	0.0274572	-0.65754	0.080306	20.0	-0.0812148	-0.570816	1.29533	21.0	-0.372911	-0.485487	0.690473	22.0	-0.383507	-0.454854	0.77322	23.0	0.222782	-0.680213	0.694191	24.0	0.241376	-0.621589	0.749374
3.879	0.0	-0.0820265	-0.60209	0.774081	1.0	-0.0827487	-0.577148	1.072	2.0	-0.0779962	-0.539652	1.36482	3.0	-0.0841174	-0.518595	1.49673	4.0	-0.221266	-0.463098	1.25057	5.0	-0.325175	-0.504348	1.01546	6.0	-0.364336	-0.477689	0.816271	7.0	-0.38231	-0.484302	0.750693	8.0	0.0832884	-0.599996	1.25512	9.0	0.159907	-0.672106	1.0351	10.0	0.220149	-0.640297	0.826357	11.0	0.226816	-0.631452	0.767613	12.0	-0.134153	-0.541577	0.777217	13.0	-0.175822	-0.401822	0.485501	14.0	-0.203423	-0.413541	0.160122	15.0	-0.155017	-0.307605	0.127335	16.0	-0.00292634	-0.596365	0.775935	17.0	0.0160158	-0.660425	0.471432	18.0	0.00319048	-0.715006	0.1461	19.0	0.0271191	-0.657235	0.0810206	20.0	-0.0801349	-0.551249	1.29233	21.0	-0.37504	-0.489204	0.689984	22.0	-0.390594	-0.467869	0.76697	23.0	0.226903	-0.642215	0.697372	24.0	0.25828	-0.58588	0.770476
3.912	0.0	-0.0854049	-0.577439	0.768357	1.0	-0.0845009	-0.544415	1.06185	2.0	-0.0780654	-0.499634	1.34956	3.0	-0.0861116	-0.488514	1.4854	4.0	-0.223137	-0.436807	1.24426	5.0	-0.327934	-0.488689	1.01305	6.0	-0.36711	-0.477197	0.812974	7.0	-0.386742	-0.481027	0.747573	8.0	0.081395	-0.572597	1.25493	9.0	0.165262	-0.652061	1.0317	10.0	0.219992	-0.619725	0.834261	11.0	0.228974	-0.604212	0.763098	12.0	-0.137662	-0.515877	0.771191	13.0	-0.177302	-0.373764	0.471782	14.0	-0.203213	-0.348068	0.15542	15.0	-0.165897	-0.266974	0.0812848	16.0	-0.00592596	-0.57333	0.770704	17.0	0.0155045	-0.653214	0.470104	18.0	0.000680156	-0.71159	0.148524	19.0	0.0283746	-0.6555	0.083623	20.0	-0.0806236	-0.512947	1.27839	21.0	-0.387704	-0.49627	0.687347	22.0	-0.394653	-0.465841	0.728305	23.0	0.226638	-0.623404	0.697296	24.0	0.231664	-0.55555	0.777488
3.946	0.0	-0.0856752	-0.563819	0.764155	1.0	-0.0871304	-0.529252	1.0591	2.0	-0.0836543	-0.482867	1.34877	3.0	-0.090347	-0.458984	1.48047	4.0	-0.2243	-0.413683	1.23676	5.0	-0.338939	-0.458323	0.995983	6.0	-0.373879	-0.47158	0.796232	7.0	-0.388401	-0.476819	0.729806	8.0	0.0762159	-0.549611	1.2548	9.0	0.162294	-0.62706	1.03788	10.0	0.225835	-0.589782	0.826542	11.0	0.230153	-0.580962	0.76596	12.0	-0.137999	-0.5015	0.765703	13.0	-0.178238	-0.356201	0.448124	14.0	-0.193669	-0.288478	0.14559	15.0	-0.159693	-0.185061	0.0803075	16.0	-0.00605542	-0.560327	0.76775	17.0	0.0134586	-0.646515	0.463776	18.0	0.00222853	-0.711976	0.147071	19.0	0.0289293	-0.654424	0.0824859	20.0	-0.0854118	-0.496632	1.27707	21.0	-0.404679	-0.510899	0.670411	22.0	-0.388583	-0.435849	0.749551	23.0	0.243109	-0.575035	0.701084	24.0	0.218177	-0.542688	0.782584
3.98	0.0	-0.0876428	-0.542085	0.75856	1.0	-0.0940199	-0.50558	1.05292	2.0	-0.0960089	-0.457337	1.34202	3.0	-0.0961933	-0.43219	1.47255	4.0	-0.23143	-0.390239	1.23052	5.0	-0.338346	-0.445569	0.998358	6.0	-0.382768	-0.462326	0.795951	7.0	-0.396187	-0.47119	0.728979	8.0	0.0674391	-0.523138	1.25424	9.0	0.164045	-0.607084	1.03545	10.0	0.224565	-0.574017	0.832795	11.0	0.235394	-0.554991	0.765909	12.0	-0.139603	-0.480384	0.758939	13.0	-0.177799	-0.350592	0.444564	14.0	-0.183089	-0.252187	0.152222	15.0	-0.151619	-0.142912	0.0919329	16.0	-0.00821665	-0.538108	0.763537	17.0	0.0117365	-0.640162	0.459026	18.0	0.00215169	-0.711887	0.14693	19.0	0.0291665	-0.654633	0.0822191	20.0	-0.096376	-0.471523	1.27046	21.0	-0.392571	-0.487043	0.679438	22.0	-0.400399	-0.4409	0.719032	23.0	0.236861	-0.56239	0.701661	24.0	0.228461	-0.511673	0.782956
4.012	0.0	-0.0887067	-0.524462	0.753115	1.0	-0.0968599	-0.481187	1.04464	2.0	-0.100345	-0.426015	1.33068	3.0	-0.100877	-0.410939	1.46881	4.0	-0.240144	-0.36192	1.22298	5.0	-0.344346	-0.412644	0.975566	6.0	-0.405801	-0.442249	0.785654	7.0	-0.404148	-0.458449	0.7119	8.0	0.0626732	-0.503485	1.24644	9.0	0.156729	-0.588586	1.03347	10.0	0.223539	-0.554649	0.839104	11.0	0.235243	-0.536544	0.764018	12.0	-0.140381	-0.461718	0.752466	13.0	-0.176132	-0.332459	0.443777	14.0	-0.183886	-0.242956	0.150854	15.0	-0.150899	-0.141275	0.0872457	16.0	-0.00941786	-0.521604	0.759195	17.0	0.00975758	-0.62958	0.457983	18.0	0.000642058	-0.710031	0.145298	19.0	0.036366	-0.652389	0.0770851	20.0	-0.100393	-0.441953	1.25991	21.0	-0.401204	-0.471083	0.66855	22.0	-0.416033	-0.433297	0.720284	23.0	0.243928	-0.540446	0.703815	24.0	0.240985	-0.489533	0.779113
4.046	0.0	-0.0917168	-0.499417	0.747387	1.0	-0.102844	-0.454027	1.03852	2.0	-0.108872	-0.397764	1.32462	3.0	-0.115777	-0.364139	1.45018	4.0	-0.249983	-0.329012	1.21554	5.0	-0.350924	-0.387251	0.968856	6.0	-0.394312	-0.415825	0.743265	7.0	-0.406969	-0.431687	0.701005	8.0	0.0507616	-0.459433	1.24078	9.0	0.151215	-0.553901	1.03019	10.0	0.223973	-0.52791	0.837045	11.0	0.234316	-0.514504	0.764346	12.0	-0.14305	-0.435454	0.746125	13.0	-0.175534	-0.297807	0.443235	14.0	-0.183344	-0.231259	0.142841	15.0	-0.15084	-0.142419	0.0870367	16.0	-0.0125478	-0.497931	0.754249	17.0	0.00808723	-0.614608	0.457549	18.0	0.000970431	-0.708125	0.145875	19.0	0.0363268	-0.649812	0.0777509	20.0	-0.10833	-0.413886	1.2538	21.0	-0.399792	-0.458618	0.649116	22.0	-0.420316	-0.420292	0.688839	23.0	0.250394	-0.520417	0.705779	24.0	0.223483	-0.474138	0.779296
4.079	0.0	-0.0948291	-0.482076	0.743245	1.0	-0.108062	-0.433129	1.03484	2.0	-0.116322	-0.3726	1.32152	3.0	-0.129702	-0.341668	1.45175	4.0	-0.255056	-0.301927	1.20842	5.0	-0.35246	-0.366502	0.962257	6.0	-0.399144	-0.376178	0.764681	7.0	-0.404224	-0.386228	0.700366	8.0	0.0439522	-0.43646	1.24063	9.0	0.141775	-0.530424	1.02554	10.0	0.222138	-0.50605	0.835154	11.0	0.231701	-0.486926	0.766191	12.0	-0.146042	-0.420116	0.742197	13.0	-0.174717	-0.277176	0.447288	14.0	-0.182354	-0.226355	0.143271	15.0	-0.150798	-0.143241	0.0868867	16.0	-0.0156146	-0.478572	0.750031	17.0	0.00524009	-0.602408	0.449785	18.0	0.00078586	-0.702402	0.146964	19.0	0.0311979	-0.649742	0.075917	20.0	-0.11521	-0.389857	1.25054	21.0	-0.408661	-0.411243	0.637286	22.0	-0.415672	-0.377079	0.681072	23.0	0.240184	-0.489226	0.707532	24.0	0.218014	-0.481636	0.727264
4.112	0.0	-0.0973608	-0.455938	0.7416	1.0	-0.11471	-0.403866	1.03392	2.0	-0.127037	-0.340564	1.32129	3.0	-0.140973	-0.307495	1.454	4.0	-0.264077	-0.276596	1.20396	5.0	-0.3591	-0.312126	0.960407	6.0	-0.400018	-0.326508	0.761946	7.0	-0.404952	-0.344773	0.69122	8.0	0.0324957	-0.393368	1.23862	9.0	0.133283	-0.498267	1.02735	10.0	0.212582	-0.486862	0.836022	11.0	0.220406	-0.468535	0.768628	12.0	-0.149351	-0.393775	0.738999	13.0	-0.175815	-0.254934	0.450988	14.0	-0.185433	-0.221098	0.143819	15.0	-0.1508	-0.143552	0.0865563	16.0	-0.0171801	-0.452805	0.749985	17.0	0.00395008	-0.572921	0.460549	18.0	-0.00127969	-0.691136	0.150064	19.0	0.0312757	-0.647681	0.0782282	20.0	-0.124927	-0.358456	1.25015	21.0	-0.399643	-0.363002	0.637088	22.0	-0.40945	-0.308142	0.707899	23.0	0.227219	-0.476319	0.708662	24.0	0.195409	-0.477242	0.739497
4.145	0.0	-0.104407	-0.433475	0.740318	1.0	-0.125375	-0.37536	1.03373	2.0	-0.141226	-0.305756	1.32234	3.0	-0.155089	-0.274868	1.44977	4.0	-0.279766	-0.243794	1.20765	5.0	-0.363099	-0.299541	0.957994	6.0	-0.399222	-0.277839	0.757195	7.0	-0.400583	-0.291335	0.681032	8.0	0.0261937	-0.372599	1.23866	9.0	0.125952	-0.478855	1.02878	10.0	0.202262	-0.459726	0.83645	11.0	0.205476	-0.449933	0.766138	12.0	-0.157115	-0.370799	0.738111	13.0	-0.176912	-0.24466	0.454076	14.0	-0.186752	-0.216922	0.141861	15.0	-0.152197	-0.144147	0.0843016	16.0	-0.0232435	-0.431031	0.748396	17.0	0.00238339	-0.56101	0.4649	18.0	-0.000643718	-0.686539	0.152252	19.0	0.0326179	-0.644271	0.0815275	20.0	-0.138255	-0.325258	1.25088	21.0	-0.40326	-0.313266	0.622186	22.0	-0.414187	-0.275466	0.67083	23.0	0.219499	-0.455014	0.710453	24.0	0.233877	-0.451225	0.750792
4.179	0.0	-0.105019	-0.424437	0.741716	1.0	-0.127947	-0.360277	1.03534	2.0	-0.145967	-0.283803	1.32383	3.0	-0.165593	-0.245956	1.44831	4.0	-0.285355	-0.232287	1.20162	5.0	-0.368195	-0.25658	0.959896	6.0	-0.395826	-0.220927	0.746508	7.0	-0.396356	-0.230373	0.680479	8.0	0.00900597	-0.333285	1.24522	9.0	0.118493	-0.451361	1.033	10.0	0.191313	-0.43049	0.830876	11.0	0.192643	-0.422858	0.782296	12.0	-0.157246	-0.364394	0.737523	13.0	-0.17751	-0.23615	0.455964	14.0	-0.18669	-0.215632	0.141564	15.0	-0.152783	-0.143461	0.0829799	16.0	-0.0244215	-0.418516	0.752583	17.0	-0.00436525	-0.5438	0.463676	18.0	-0.000623284	-0.680856	0.151128	19.0	0.0335987	-0.643003	0.0824578	20.0	-0.142453	-0.305071	1.25244	21.0	-0.390826	-0.246835	0.619825	22.0	-0.394716	-0.188193	0.67958	23.0	0.203313	-0.442353	0.719985	24.0	0.224506	-0.412189	0.769917
4.212	0.0	-0.111196	-0.400379	0.747915	1.0	-0.137686	-0.337295	1.03848	2.0	-0.158282	-0.263168	1.324	3.0	-0.173438	-0.225619	1.45152	4.0	-0.294325	-0.204524	1.19713	5.0	-0.376053	-0.222523	0.962807	6.0	-0.397172	-0.177476	0.761904	7.0	-0.400415	-0.173612	0.690336	8.0	0.006796	-0.323691	1.24762	9.0	0.114679	-0.431019	1.03767	10.0	0.182759	-0.409887	0.840887	11.0	0.180896	-0.396673	0.788919	12.0	-0.163337	-0.341957	0.741382	13.0	-0.180134	-0.229368	0.461169	14.0	-0.186936	-0.214951	0.141309	15.0	-0.153451	-0.142795	0.0814566	16.0	-0.0301035	-0.394156	0.760399	17.0	-0.00538467	-0.526908	0.464082	18.0	-0.00447696	-0.669637	0.148214	19.0	0.030893	-0.631113	0.0822894	20.0	-0.154203	-0.283765	1.25333	21.0	-0.395922	-0.172129	0.620939	22.0	-0.400763	-0.133273	0.682481	23.0	0.175741	-0.425211	0.713158	24.0	0.211194	-0.391607	0.783022
4.245	0.0	-0.113227	-0.384995	0.7521	1.0	-0.14228	-0.319689	1.04176	2.0	-0.165709	-0.243149	1.32618	3.0	-0.182675	-0.199389	1.4573	4.0	-0.29616	-0.191224	1.19761	5.0	-0.379242	-0.190749	0.970419	6.0	-0.386245	-0.114438	0.775982	7.0	-0.391503	-0.103131	0.701176	8.0	-0.0012269	-0.293393	1.25421	9.0	0.104555	-0.403849	1.05066	10.0	0.171561	-0.385291	0.851552	11.0	0.170046	-0.369707	0.78852	12.0	-0.165187	-0.324884	0.746348	13.0	-0.181826	-0.225754	0.462805	14.0	-0.187201	-0.214256	0.140635	15.0	-0.153627	-0.142989	0.0809878	16.0	-0.0322293	-0.38011	0.76374	17.0	-0.00633039	-0.50958	0.465364	18.0	-0.00734991	-0.650224	0.152496	19.0	0.0313726	-0.626609	0.0837838	20.0	-0.160902	-0.264344	1.25581	21.0	-0.384495	-0.0967012	0.634664	22.0	-0.398299	-0.0788293	0.688913	23.0	0.176768	-0.386908	0.731285	24.0	0.185976	-0.386053	0.752224
4.28	0.0	-0.11585	-0.360195	0.756648	1.0	-0.14496	-0.299417	1.04577	2.0	-0.168068	-0.227457	1.32965	3.0	-0.187729	-0.17391	1.46648	4.0	-0.306128	-0.163636	1.2005	5.0	-0.378227	-0.16517	0.982863	6.0	-0.386779	-0.06247	0.790983	7.0	-0.384137	-0.0359361	0.715106	8.0	-0.00305543	-0.278426	1.25611	9.0	0.103501	-0.385729	1.04807	10.0	0.171462	-0.337648	0.845681	11.0	0.16811	-0.33594	0.795065	12.0	-0.168175	-0.300839	0.75195	13.0	-0.184055	-0.21991	0.46043	14.0	-0.186847	-0.213284	0.14077	15.0	-0.153509	-0.143052	0.080777	16.0	-0.0342891	-0.354739	0.767021	17.0	-0.00763878	-0.477401	0.470765	18.0	-0.00744689	-0.624326	0.154242	19.0	0.0540714	-0.574666	0.0803597	20.0	-0.163371	-0.247519	1.25942	21.0	-0.381106	-0.0193997	0.655072	22.0	-0.381778	-0.0415037	0.671322	23.0	0.171239	-0.33856	0.735079	24.0	0.176909	-0.345814	0.76924
4.313	0.0	-0.117932	-0.346373	0.757288	1.0	-0.14813	-0.282633	1.04757	2.0	-0.172345	-0.207882	1.3328	3.0	-0.18875	-0.167181	1.4681	4.0	-0.305364	-0.161966	1.20188	5.0	-0.378205	-0.143891	0.990607	6.0	-0.382621	-0.0269439	0.815037	7.0	-0.373328	0.0238598	0.741519	8.0	-0.00498541	-0.26491	1.25812	9.0	0.0980615	-0.367148	1.04749	10.0	0.164165	-0.3263	0.853256	11.0	0.162308	-0.317519	0.796967	12.0	-0.170913	-0.286235	0.752719	13.0	-0.188225	-0.213099	0.461651	14.0	-0.1859	-0.211545	0.136249	15.0	-0.153452	-0.143478	0.0792183	16.0	-0.0356316	-0.341737	0.767528	17.0	-0.00655163	-0.470023	0.471473	18.0	-0.00750085	-0.604745	0.152451	19.0	0.049518	-0.563276	0.077998	20.0	-0.167381	-0.228601	1.26221	21.0	-0.373387	0.0508284	0.687526	22.0	-0.369687	0.0157208	0.678919	23.0	0.176083	-0.324608	0.744138	24.0	0.147369	-0.324709	0.759551
4.345	0.0	-0.120705	-0.334072	0.759032	1.0	-0.149854	-0.271725	1.04957	2.0	-0.173048	-0.19847	1.33491	3.0	-0.195044	-0.153682	1.46863	4.0	-0.305553	-0.158264	1.2038	5.0	-0.380694	-0.10443	1.00507	6.0	-0.380654	0.0185075	0.829432	7.0	-0.36444	0.0771157	0.752189	8.0	-0.00881044	-0.251694	1.26068	9.0	0.0960196	-0.347821	1.05427	10.0	0.164439	-0.313044	0.860002	11.0	0.158446	-0.296732	0.803357	12.0	-0.172826	-0.27731	0.752675	13.0	-0.191769	-0.208976	0.459177	14.0	-0.18602	-0.211476	0.136184	15.0	-0.153255	-0.14445	0.0788286	16.0	-0.0392817	-0.325454	0.771615	17.0	-0.00498155	-0.445767	0.474628	18.0	-0.00415478	-0.565777	0.158494	19.0	0.0395949	-0.509621	0.0812366	20.0	-0.168334	-0.218816	1.26431	21.0	-0.357234	0.101419	0.695433	22.0	-0.338916	0.0851935	0.764471	23.0	0.160489	-0.303619	0.744007	24.0	0.0857824	-0.315755	0.789645
4.379	0.0	-0.122312	-0.314686	0.763539	1.0	-0.155561	-0.2508	1.05344	2.0	-0.183213	-0.175591	1.33809	3.0	-0.196163	-0.121084	1.46822	4.0	-0.313444	-0.104755	1.19883	5.0	-0.382795	-0.0754029	1.00725	6.0	-0.378767	0.0550615	0.840581	7.0	-0.358825	0.126212	0.768235	8.0	-0.0107174	-0.237074	1.26425	9.0	0.09802	-0.334116	1.05757	10.0	0.167594	-0.285758	0.866052	11.0	0.161537	-0.276183	0.813764	12.0	-0.174267	-0.257563	0.755532	13.0	-0.193583	-0.20644	0.458732	14.0	-0.186097	-0.211427	0.136107	15.0	-0.153346	-0.144597	0.0788041	16.0	-0.0407299	-0.307343	0.777208	17.0	-0.00456924	-0.425661	0.471973	18.0	-0.00337034	-0.528583	0.151311	19.0	0.0474443	-0.475474	0.0760511	20.0	-0.17735	-0.196448	1.26768	21.0	-0.350575	0.147275	0.708731	22.0	-0.32815	0.157812	0.759266	23.0	0.155877	-0.285382	0.748754	24.0	0.0824517	-0.303671	0.796164
4.412	0.0	-0.122057	-0.306946	0.762876	1.0	-0.156477	-0.24261	1.05333	2.0	-0.185024	-0.167331	1.33852	3.0	-0.19943	-0.116296	1.47045	4.0	-0.313843	-0.101196	1.19852	5.0	-0.380908	-0.0560675	1.00803	6.0	-0.369498	0.107133	0.861035	7.0	-0.355886	0.163717	0.785678	8.0	-0.0126836	-0.216975	1.26607	9.0	0.0981983	-0.31637	1.0616	10.0	0.166771	-0.281071	0.867796	11.0	0.162111	-0.262439	0.813869	12.0	-0.173541	-0.249006	0.75418	13.0	-0.195566	-0.204838	0.457456	14.0	-0.186377	-0.211681	0.135868	15.0	-0.153798	-0.145025	0.0783901	16.0	-0.0408322	-0.300258	0.777149	17.0	-0.00929383	-0.401083	0.461179	18.0	-0.0033446	-0.486769	0.150167	19.0	0.0461856	-0.425914	0.0753841	20.0	-0.178973	-0.188169	1.26797	21.0	-0.349581	0.187163	0.730434	22.0	-0.344376	0.219346	0.758654	23.0	0.163306	-0.275027	0.754895	24.0	0.130056	-0.259337	0.787361
4.445	0.0	-0.123511	-0.289283	0.763957	1.0	-0.157809	-0.22662	1.0559	2.0	-0.185976	-0.153095	1.34237	3.0	-0.200778	-0.105886	1.47346	4.0	-0.313315	-0.0878674	1.20027	5.0	-0.379536	-0.0212544	1.0143	6.0	-0.375283	0.121897	0.858334	7.0	-0.34892	0.205944	0.792582	8.0	-0.0143616	-0.207847	1.26777	9.0	0.100869	-0.306252	1.06303	10.0	0.169886	-0.258241	0.87162	11.0	0.166573	-0.242938	0.816972	12.0	-0.174938	-0.231099	0.754615	13.0	-0.198243	-0.201861	0.450803	14.0	-0.186503	-0.211875	0.135814	15.0	-0.154387	-0.144463	0.0773456	16.0	-0.0421924	-0.282967	0.778876	17.0	-0.00530234	-0.368869	0.466111	18.0	-0.00291134	-0.455191	0.154694	19.0	0.0418369	-0.398875	0.0795517	20.0	-0.180044	-0.173498	1.27152	21.0	-0.34204	0.238647	0.745498	22.0	-0.353757	0.208387	0.843232	23.0	0.16616	-0.253037	0.749465	24.0	0.103585	-0.262802	0.796569
4.479	0.0	-0.125018	-0.278579	0.764571	1.0	-0.159794	-0.216063	1.0575	2.0	-0.18832	-0.142773	1.34497	3.0	-0.202029	-0.0897804	1.47725	4.0	-0.312667	-0.0746246	1.20601	5.0	-0.377049	-0.00204787	1.02118	6.0	-0.376172	0.140343	0.864762	7.0	-0.352206	0.225063	0.801811	8.0	-0.015868	-0.197228	1.26878	9.0	0.0996313	-0.295733	1.06158	10.0	0.172939	-0.248165	0.871722	11.0	0.172767	-0.238698	0.819711	12.0	-0.175857	-0.221192	0.755225	13.0	-0.19893	-0.200534	0.449157	14.0	-0.187044	-0.211785	0.135932	15.0	-0.156121	-0.14426	0.0765459	16.0	-0.0442215	-0.271476	0.779505	17.0	-0.00307108	-0.348471	0.466835	18.0	-0.0105247	-0.401723	0.149499	19.0	0.0345792	-0.356512	0.0788114	20.0	-0.182314	-0.163104	1.27387	21.0	-0.347768	0.262562	0.757712	22.0	-0.35258	0.252789	0.838671	23.0	0.164849	-0.251026	0.753173	24.0	0.155973	-0.21979	0.779528
4.512	0.0	-0.125248	-0.267129	0.764989	1.0	-0.159852	-0.203835	1.05847	2.0	-0.188113	-0.129844	1.34654	3.0	-0.202678	-0.0865463	1.47965	4.0	-0.311977	-0.0652338	1.20688	5.0	-0.374013	0.0121831	1.02285	6.0	-0.361836	0.192633	0.867936	7.0	-0.348484	0.253129	0.804901	8.0	-0.0153088	-0.183782	1.26955	9.0	0.101005	-0.284932	1.06281	10.0	0.174666	-0.241018	0.872523	11.0	0.176519	-0.228758	0.820032	12.0	-0.175715	-0.207979	0.754856	13.0	-0.199303	-0.199318	0.448237	14.0	-0.186167	-0.213067	0.139379	15.0	-0.15757	-0.144396	0.0761396	16.0	-0.0446653	-0.26168	0.780613	17.0	-0.00287741	-0.320736	0.464824	18.0	-0.0113699	-0.365345	0.148055	19.0	0.0271465	-0.325856	0.0800418	20.0	-0.182184	-0.150341	1.27529	21.0	-0.34563	0.280441	0.759154	22.0	-0.343521	0.275149	0.835198	23.0	0.178678	-0.241456	0.75871	24.0	0.165552	-0.190895	0.815723
4.545	0.0	-0.124309	-0.247961	0.765099	1.0	-0.15885	-0.18728	1.05791	2.0	-0.187028	-0.115733	1.34539	3.0	-0.20154	-0.0707318	1.48304	4.0	-0.308748	-0.0475491	1.20509	5.0	-0.371144	0.0395531	1.02502	6.0	-0.361557	0.193323	0.869702	7.0	-0.346181	0.269739	0.813811	8.0	-0.0133041	-0.172365	1.27102	9.0	0.101263	-0.265835	1.0715	10.0	0.17535	-0.228517	0.880458	11.0	0.181379	-0.218485	0.82037	12.0	-0.17511	-0.189378	0.754308	13.0	-0.199291	-0.194517	0.447831	14.0	-0.186085	-0.212699	0.139056	15.0	-0.157603	-0.144353	0.07621	16.0	-0.0432657	-0.242206	0.781496	17.0	-0.00447064	-0.295193	0.451846	18.0	-0.00645638	-0.336108	0.141376	19.0	0.033822	-0.272813	0.0717237	20.0	-0.181122	-0.135635	1.27428	21.0	-0.341992	0.29974	0.762929	22.0	-0.355351	0.272235	0.863878	23.0	0.179288	-0.227323	0.75567	24.0	0.165491	-0.1904	0.815404
4.58	0.0	-0.124562	-0.237372	0.764268	1.0	-0.159096	-0.177328	1.05747	2.0	-0.187232	-0.10658	1.34525	3.0	-0.199124	-0.0636412	1.4827	4.0	-0.308108	-0.0406548	1.20347	5.0	-0.369867	0.0480728	1.02404	6.0	-0.361327	0.197556	0.874598	7.0	-0.345128	0.278076	0.810975	8.0	-0.011309	-0.164494	1.27069	9.0	0.101346	-0.261543	1.07122	10.0	0.176717	-0.223349	0.880985	11.0	0.182501	-0.210687	0.818834	12.0	-0.175504	-0.179583	0.753462	13.0	-0.198736	-0.191287	0.446272	14.0	-0.186403	-0.212301	0.137722	15.0	-0.158218	-0.144574	0.0755468	16.0	-0.0432799	-0.230821	0.780729	17.0	0.00287654	-0.270807	0.460143	18.0	-0.011918	-0.287551	0.139608	19.0	0.0289085	-0.239482	0.0767396	20.0	-0.181341	-0.126267	1.27407	21.0	-0.346125	0.311199	0.768934	22.0	-0.352982	0.304718	0.806977	23.0	0.18274	-0.227863	0.757847	24.0	0.16483	-0.174814	0.807657
4.612	0.0	-0.126536	-0.220964	0.764509	1.0	-0.158315	-0.163255	1.05887	2.0	-0.183985	-0.0941922	1.34767	3.0	-0.196425	-0.0517062	1.4879	4.0	-0.305945	-0.0298441	1.20674	5.0	-0.368516	0.0522139	1.0252	6.0	-0.361248	0.201098	0.875421	7.0	-0.343787	0.284348	0.812081	8.0	-0.00681504	-0.156139	1.27068	9.0	0.104123	-0.252712	1.07253	10.0	0.178483	-0.218798	0.881528	11.0	0.184039	-0.204315	0.818681	12.0	-0.177948	-0.160923	0.754243	13.0	-0.199195	-0.184113	0.443603	14.0	-0.186334	-0.211203	0.137626	15.0	-0.158542	-0.144326	0.0753322	16.0	-0.0446825	-0.216606	0.780519	17.0	-0.000137583	-0.244479	0.450317	18.0	-0.0100778	-0.26806	0.13771	19.0	0.0376986	-0.179557	0.0669301	20.0	-0.178701	-0.113515	1.27624	21.0	-0.343654	0.307311	0.761962	22.0	-0.337644	0.331008	0.823698	23.0	0.180401	-0.220276	0.752827	24.0	0.16457	-0.196536	0.795838
4.645	0.0	-0.12619	-0.204945	0.764361	1.0	-0.155023	-0.150469	1.05929	2.0	-0.177979	-0.0841315	1.34857	3.0	-0.189768	-0.0425047	1.48845	4.0	-0.299917	-0.0156214	1.2107	5.0	-0.366341	0.055341	1.02711	6.0	-0.347164	0.254387	0.849644	7.0	-0.339824	0.284539	0.803676	8.0	-0.00299574	-0.151688	1.27193	9.0	0.104022	-0.246635	1.07276	10.0	0.180533	-0.2101	0.883093	11.0	0.187389	-0.197503	0.815211	12.0	-0.177266	-0.144676	0.754317	13.0	-0.198952	-0.17467	0.440653	14.0	-0.185813	-0.209596	0.136172	15.0	-0.1587	-0.144192	0.0753607	16.0	-0.0445213	-0.201043	0.780149	17.0	0.00618034	-0.21355	0.453724	18.0	-0.0173632	-0.229577	0.128383	19.0	0.0414858	-0.143103	0.061931	20.0	-0.173369	-0.102827	1.27703	21.0	-0.336933	0.315574	0.75662	22.0	-0.338303	0.324697	0.815092	23.0	0.186517	-0.204457	0.748664	24.0	0.167802	-0.182919	0.790884
4.679	0.0	-0.123627	-0.185847	0.763315	1.0	-0.1495	-0.135209	1.05987	2.0	-0.16957	-0.0724696	1.35058	3.0	-0.185223	-0.0355775	1.48953	4.0	-0.295479	-0.00525166	1.21229	5.0	-0.36193	0.0658427	1.02708	6.0	-0.349943	0.234542	0.858209	7.0	-0.340403	0.279493	0.797122	8.0	0.00262148	-0.131637	1.27123	9.0	0.107383	-0.236398	1.06823	10.0	0.183695	-0.204375	0.878059	11.0	0.189215	-0.192301	0.814152	12.0	-0.174341	-0.126851	0.753695	13.0	-0.197177	-0.163005	0.436088	14.0	-0.185874	-0.207772	0.135255	15.0	-0.158761	-0.143937	0.0752859	16.0	-0.0422188	-0.180646	0.778686	17.0	0.00869756	-0.195187	0.456056	18.0	-0.0122486	-0.210128	0.132514	19.0	0.0305308	-0.121445	0.0668897	20.0	-0.165678	-0.0902957	1.2787	21.0	-0.337719	0.30457	0.751385	22.0	-0.336021	0.323537	0.801221	23.0	0.184905	-0.202769	0.753699	24.0	0.172929	-0.177057	0.790026
4.78	0.0	-0.115982	-0.128244	0.765958	1.0	-0.133949	-0.0943466	1.06473	2.0	-0.145614	-0.0472165	1.35766	3.0	-0.157637	-0.00843291	1.49417	4.0	-0.275964	0.0274777	1.23077	5.0	-0.355058	0.0770124	1.02204	6.0	-0.358185	0.205583	0.853287	7.0	-0.352856	0.234424	0.774636	8.0	0.0234152	-0.110551	1.27197	9.0	0.118313	-0.213202	1.05047	10.0	0.198044	-0.179103	0.861856	11.0	0.198407	-0.170403	0.804916	12.0	-0.167222	-0.0691252	0.759411	13.0	-0.186863	-0.123487	0.429982	14.0	-0.180438	-0.199554	0.132575	15.0	-0.155181	-0.137705	0.0722681	16.0	-0.0336613	-0.123311	0.778304	17.0	0.00514614	-0.135366	0.457223	18.0	-0.0126495	-0.149512	0.139725	19.0	0.0349782	-0.0454311	0.108559	20.0	-0.143939	-0.0612236	1.28519	21.0	-0.353293	0.248712	0.71162	22.0	-0.348414	0.291064	0.7606	23.0	0.195109	-0.17689	0.738261	24.0	0.18462	-0.136163	0.800259
4.812	0.0	-0.110262	-0.109192	0.765311	1.0	-0.125194	-0.0817405	1.06482	2.0	-0.134292	-0.0405572	1.35833	3.0	-0.144384	0.00163751	1.49473	4.0	-0.267023	0.0383537	1.23264	5.0	-0.350768	0.0743749	1.02236	6.0	-0.362969	0.187189	0.843165	7.0	-0.362303	0.213944	0.761369	8.0	0.0336459	-0.103409	1.27161	9.0	0.129814	-0.1986	1.04661	10.0	0.203597	-0.165695	0.855513	11.0	0.205279	-0.15624	0.798651	12.0	-0.161061	-0.0486874	0.760489	13.0	-0.185116	-0.101618	0.432716	14.0	-0.179038	-0.194226	0.132494	15.0	-0.15425	-0.136158	0.0705248	16.0	-0.0282833	-0.105583	0.776094	17.0	0.00834926	-0.119692	0.458626	18.0	-0.0103528	-0.146169	0.140545	19.0	0.0119876	-0.0887417	0.0781854	20.0	-0.133213	-0.0531236	1.28575	21.0	-0.363275	0.215282	0.697519	22.0	-0.357728	0.260576	0.768385	23.0	0.207859	-0.162046	0.730803	24.0	0.189235	-0.133606	0.780314
4.845	0.0	-0.102923	-0.0914138	0.764324	1.0	-0.116976	-0.0694712	1.0653	2.0	-0.125749	-0.0341925	1.35988	3.0	-0.132286	0.00748705	1.49329	4.0	-0.258547	0.0460211	1.23364	5.0	-0.349	0.0727461	1.02135	6.0	-0.366701	0.171116	0.836901	7.0	-0.372612	0.186272	0.756046	8.0	0.044503	-0.0934355	1.26802	9.0	0.136509	-0.185305	1.04294	10.0	0.206679	-0.158737	0.849863	11.0	0.207058	-0.150919	0.787358	12.0	-0.154773	-0.0322415	0.760442	13.0	-0.181521	-0.0772881	0.435092	14.0	-0.179008	-0.192165	0.131609	15.0	-0.153432	-0.13416	0.0697427	16.0	-0.0198463	-0.0865751	0.774078	17.0	0.0162471	-0.108167	0.456737	18.0	-0.00894753	-0.145594	0.141196	19.0	0.0157628	-0.0856325	0.0801638	20.0	-0.124657	-0.0453181	1.28709	21.0	-0.374794	0.194029	0.690253	22.0	-0.378929	0.224937	0.743617	23.0	0.204118	-0.150665	0.723712	24.0	0.189865	-0.118187	0.785788
4.88	0.0	-0.0967413	-0.0757542	0.762894	1.0	-0.108086	-0.0528362	1.06422	2.0	-0.113984	-0.0187065	1.35947	3.0	-0.11851	0.0184031	1.49349	4.0	-0.248556	0.0565067	1.23646	5.0	-0.345794	0.0711682	1.02026	6.0	-0.369677	0.157496	0.832765	7.0	-0.378631	0.161306	0.751628	8.0	0.0581795	-0.0726402	1.26367	9.0	0.143623	-0.171042	1.03845	10.0	0.212906	-0.142942	0.845111	11.0	0.212858	-0.131919	0.782725	12.0	-0.148526	-0.0170412	0.760545	13.0	-0.184155	-0.0210832	0.450632	14.0	-0.175652	-0.168341	0.141322	15.0	-0.153628	-0.118365	0.0763376	16.0	-0.0137147	-0.0704214	0.771146	17.0	0.0196821	-0.102468	0.457961	18.0	-0.00866794	-0.145461	0.141107	19.0	0.0165842	-0.086448	0.0797736	20.0	-0.113534	-0.0292843	1.28649	21.0	-0.379184	0.165581	0.687446	22.0	-0.377955	0.202207	0.742712	23.0	0.213601	-0.148036	0.716049	24.0	0.20042	-0.0898529	0.776396
4.912	0.0	-0.0876479	-0.0549463	0.764359	1.0	-0.0963384	-0.0347304	1.064	2.0	-0.0989998	-0.00273846	1.35764	3.0	-0.107227	0.030212	1.48946	4.0	-0.242577	0.0662231	1.24003	5.0	-0.343032	0.0698591	1.01831	6.0	-0.374596	0.143249	0.827241	7.0	-0.384115	0.14134	0.745739	8.0	0.0652291	-0.0629197	1.26151	9.0	0.156041	-0.145226	1.03105	10.0	0.220208	-0.127432	0.835276	11.0	0.221399	-0.116955	0.774387	12.0	-0.139273	0.00414327	0.763965	13.0	-0.1864	0.0367187	0.465174	14.0	-0.180269	-0.139145	0.148216	15.0	-0.155816	-0.0920026	0.0827892	16.0	-0.00476345	-0.0499961	0.770759	17.0	0.0249921	-0.0941257	0.462211	18.0	-0.00825969	-0.143197	0.141299	19.0	0.0172809	-0.0851894	0.0796211	20.0	-0.0994381	-0.0128393	1.28507	21.0	-0.38151	0.140545	0.68354	22.0	-0.3852	0.180204	0.751795	23.0	0.225195	-0.130369	0.708021	24.0	0.203271	-0.0768055	0.77105
4.945	0.0	-0.0838365	-0.0423533	0.764805	1.0	-0.0901999	-0.0223916	1.06472	2.0	-0.0906087	0.00889785	1.35861	3.0	-0.0975078	0.042377	1.49218	4.0	-0.234902	0.0795638	1.24175	5.0	-0.34251	0.0691294	1.01646	6.0	-0.382193	0.114172	0.81977	7.0	-0.386868	0.119875	0.744525	8.0	0.0756705	-0.0449874	1.25692	9.0	0.162813	-0.128072	1.02756	10.0	0.227164	-0.10708	0.831825	11.0	0.228164	-0.100786	0.766859	12.0	-0.135493	0.0164936	0.765514	13.0	-0.186839	0.0766473	0.47121	14.0	-0.185172	-0.0966034	0.1539	15.0	-0.162108	-0.0465149	0.0838218	16.0	-0.000890873	-0.0371955	0.770089	17.0	0.025845	-0.0906345	0.462305	18.0	-0.00801983	-0.142127	0.140325	19.0	0.0179249	-0.0839338	0.0789382	20.0	-0.0915836	-0.000984289	1.28598	21.0	-0.379795	0.128072	0.684357	22.0	-0.38628	0.160249	0.75186	23.0	0.215515	-0.120272	0.690723	24.0	0.208211	-0.0738727	0.771217
4.979	0.0	-0.0802064	-0.0271354	0.763536	1.0	-0.0873468	-0.0061944	1.06197	2.0	-0.0886493	0.0259229	1.3543	3.0	-0.0900908	0.0606495	1.48966	4.0	-0.230787	0.0923946	1.24107	5.0	-0.342224	0.068725	1.0156	6.0	-0.383268	0.112193	0.81879	7.0	-0.39377	0.101175	0.745817	8.0	0.0805279	-0.0315246	1.25505	9.0	0.167946	-0.108947	1.02644	10.0	0.231091	-0.091856	0.829999	11.0	0.233182	-0.0836219	0.759708	12.0	-0.131945	0.0320632	0.765233	13.0	-0.186623	0.105833	0.472767	14.0	-0.191168	-0.0607731	0.150178	15.0	-0.167693	0.010328	0.0815695	16.0	0.00287051	-0.0223952	0.767906	17.0	0.0273467	-0.0857424	0.464032	18.0	-0.0063722	-0.141173	0.141565	19.0	0.017885	-0.0842413	0.0795153	20.0	-0.0893875	0.0158435	1.28206	21.0	-0.388136	0.101548	0.688718	22.0	-0.404649	0.127722	0.743998	23.0	0.227799	-0.0998135	0.694506	24.0	0.221097	-0.0373872	0.764058
5.012	0.0	-0.0779126	-0.0130499	0.761733	1.0	-0.0822803	0.0106522	1.05995	2.0	-0.0802764	0.0458282	1.3521	3.0	-0.0799679	0.0818	1.48665	4.0	-0.226147	0.110122	1.24135	5.0	-0.34315	0.069184	1.01395	6.0	-0.39146	0.0998789	0.817112	7.0	-0.399537	0.0842639	0.745843	8.0	0.0864068	-0.00521111	1.24931	9.0	0.171914	-0.0833862	1.02759	10.0	0.235711	-0.0729417	0.831053	11.0	0.2396	-0.0595958	0.762122	12.0	-0.129725	0.0457549	0.763899	13.0	-0.184649	0.134084	0.473092	14.0	-0.200103	0.0184434	0.147497	15.0	-0.175444	0.075821	0.085892	16.0	0.00531037	-0.00799907	0.76568	17.0	0.0278038	-0.0798945	0.464024	18.0	-0.00441023	-0.139533	0.140449	19.0	0.0186211	-0.0816703	0.0785964	20.0	-0.0818899	0.0349591	1.2799	21.0	-0.398486	0.0684688	0.684309	22.0	-0.405027	0.11012	0.742163	23.0	0.244604	-0.0672832	0.69751	24.0	0.228962	-0.0580441	0.72408
5.045	0.0	-0.0765762	0.00221726	0.760161	1.0	-0.078528	0.0300797	1.05858	2.0	-0.0740127	0.0694125	1.35104	3.0	-0.0771508	0.105347	1.48409	4.0	-0.227308	0.131288	1.24119	5.0	-0.347527	0.0720737	1.00637	6.0	-0.400229	0.0924062	0.810035	7.0	-0.408353	0.0660978	0.739718	8.0	0.0887362	0.0150412	1.24805	9.0	0.176302	-0.0607281	1.026	10.0	0.239008	-0.0437608	0.828239	11.0	0.243905	-0.0348019	0.760857	12.0	-0.127661	0.063419	0.762854	13.0	-0.181147	0.153073	0.47196	14.0	-0.207188	0.0912016	0.141039	15.0	-0.175312	0.152838	0.0771026	16.0	0.00610611	0.00501713	0.763727	17.0	0.0272732	-0.0692963	0.467227	18.0	-0.00263786	-0.138096	0.141066	19.0	0.0189847	-0.0811357	0.0788425	20.0	-0.0762519	0.0575145	1.27876	21.0	-0.400615	0.0534173	0.683771	22.0	-0.425918	0.084811	0.731369	23.0	0.241737	-0.0459482	0.691302	24.0	0.219738	-0.0104078	0.759405
5.079	0.0	-0.0766533	0.016584	0.758944	1.0	-0.0775757	0.0472387	1.05715	2.0	-0.0722507	0.0890839	1.34935	3.0	-0.0760148	0.134219	1.48173	4.0	-0.226344	0.148668	1.24153	5.0	-0.346648	0.081151	1.00814	6.0	-0.403101	0.0867621	0.812786	7.0	-0.413943	0.0616324	0.743248	8.0	0.0911761	0.0409716	1.24739	9.0	0.180494	-0.0392588	1.02198	10.0	0.245157	-0.0151585	0.826158	11.0	0.245307	-0.0109789	0.760138	12.0	-0.127427	0.0759046	0.761826	13.0	-0.180607	0.176976	0.462514	14.0	-0.206507	0.171143	0.150062	15.0	-0.175747	0.243791	0.0778572	16.0	0.00576243	0.0210899	0.762323	17.0	0.0271377	-0.0587566	0.464029	18.0	-0.0025465	-0.136902	0.140767	19.0	0.0193307	-0.0804918	0.0784545	20.0	-0.0746746	0.0765777	1.27714	21.0	-0.41235	0.0570029	0.698548	22.0	-0.4231	0.0933017	0.757197	23.0	0.244817	-0.0274663	0.693221	24.0	0.217691	0.0142169	0.742991
5.112	0.0	-0.0780664	0.0316464	0.755363	1.0	-0.0786807	0.065898	1.05502	2.0	-0.0731634	0.111748	1.34895	3.0	-0.0796705	0.149911	1.482	4.0	-0.228534	0.170625	1.23719	5.0	-0.348499	0.091939	1.00804	6.0	-0.409935	0.0845623	0.815149	7.0	-0.425198	0.0588834	0.740133	8.0	0.0907288	0.0563119	1.24576	9.0	0.178698	-0.0189707	1.02479	10.0	0.246258	0.00279048	0.824403	11.0	0.244005	0.0113768	0.758438	12.0	-0.128929	0.0917404	0.757645	13.0	-0.179921	0.19884	0.436112	14.0	-0.204593	0.240263	0.139922	15.0	-0.175804	0.33046	0.0693515	16.0	0.00459011	0.0352187	0.759408	17.0	0.024934	-0.0551433	0.459605	18.0	-0.00262171	-0.135925	0.140461	19.0	0.0205785	-0.0776309	0.0790565	20.0	-0.0756323	0.0982026	1.27629	21.0	-0.420939	0.0459101	0.690544	22.0	-0.444219	0.0646059	0.707036	23.0	0.248617	-0.00388101	0.695667	24.0	0.221137	0.0391663	0.756204
5.145	0.0	-0.0794326	0.0504513	0.751479	1.0	-0.0811471	0.0917407	1.05013	2.0	-0.0769844	0.144854	1.34275	3.0	-0.08452	0.185141	1.4794	4.0	-0.232721	0.200421	1.23042	5.0	-0.349903	0.117976	1.00137	6.0	-0.416485	0.088046	0.813917	7.0	-0.429402	0.0723561	0.739213	8.0	0.0870931	0.0907215	1.24402	9.0	0.181282	0.00903657	1.01997	10.0	0.247323	0.0403523	0.824758	11.0	0.245973	0.0414733	0.759344	12.0	-0.129802	0.111235	0.753355	13.0	-0.178348	0.213452	0.439232	14.0	-0.178319	0.302806	0.109285	15.0	-0.165865	0.412971	0.0665322	16.0	0.00293922	0.0532206	0.756038	17.0	0.0223167	-0.046633	0.459188	18.0	-0.00277613	-0.133373	0.138645	19.0	0.0208582	-0.0774627	0.0764939	20.0	-0.0791042	0.12949	1.27045	21.0	-0.420447	0.0442838	0.690992	22.0	-0.438647	0.0934383	0.732128	23.0	0.236688	0.0271601	0.687917	24.0	0.227629	0.0725512	0.7639
5.179	0.0	-0.0785395	0.0677201	0.746014	1.0	-0.0825508	0.110375	1.04491	2.0	-0.0805806	0.164095	1.33785	3.0	-0.09273	0.209121	1.4722	4.0	-0.237794	0.225089	1.22215	5.0	-0.354949	0.140963	0.993893	6.0	-0.422655	0.099878	0.809715	7.0	-0.435031	0.0829834	0.733978	8.0	0.0831569	0.114836	1.24043	9.0	0.181687	0.0390345	1.02003	10.0	0.244322	0.0560477	0.82317	11.0	0.245464	0.0705276	0.758974	12.0	-0.128824	0.12739	0.747089	13.0	-0.177711	0.252752	0.420267	14.0	-0.176257	0.33633	0.148173	15.0	-0.133225	0.440059	0.11644	16.0	0.00387466	0.0715992	0.751567	17.0	0.0187056	-0.0356396	0.447872	18.0	-0.00297235	-0.132633	0.138515	19.0	0.0211965	-0.0764549	0.0765405	20.0	-0.0821727	0.148641	1.26546	21.0	-0.441844	0.0611153	0.678652	22.0	-0.433108	0.0910784	0.695585	23.0	0.246725	0.0619491	0.688639	24.0	0.223518	0.0893276	0.730732
5.212	0.0	-0.0819606	0.0950886	0.739497	1.0	-0.0891722	0.144235	1.03804	2.0	-0.0906404	0.20501	1.33061	3.0	-0.10463	0.242022	1.46549	4.0	-0.245295	0.255306	1.21428	5.0	-0.357716	0.170868	0.983625	6.0	-0.428416	0.124667	0.802273	7.0	-0.439611	0.100495	0.719547	8.0	0.0748799	0.143638	1.23747	9.0	0.179774	0.0639921	1.02283	10.0	0.243812	0.0956802	0.821825	11.0	0.247287	0.102069	0.760034	12.0	-0.132119	0.156842	0.739396	13.0	-0.174562	0.274524	0.42395	14.0	-0.176329	0.341781	0.144381	15.0	-0.132901	0.444984	0.112054	16.0	0.000642042	0.0966809	0.746337	17.0	0.017489	-0.0307747	0.44649	18.0	-0.00242417	-0.13049	0.139298	19.0	0.0216725	-0.0755588	0.0768772	20.0	-0.0913638	0.187745	1.25832	21.0	-0.436466	0.0813908	0.674086	22.0	-0.437702	0.118381	0.683447	23.0	0.24308	0.0885154	0.689307	24.0	0.225616	0.133723	0.756669
5.245	0.0	-0.0844629	0.114289	0.73641	1.0	-0.093599	0.166202	1.03555	2.0	-0.096563	0.228893	1.32878	3.0	-0.111408	0.268076	1.46506	4.0	-0.251591	0.287558	1.20926	5.0	-0.362857	0.208995	0.975506	6.0	-0.427725	0.167561	0.790393	7.0	-0.43354	0.145842	0.720538	8.0	0.0670351	0.172126	1.23343	9.0	0.172937	0.0947873	1.02144	10.0	0.241918	0.11576	0.826481	11.0	0.246857	0.131995	0.763407	12.0	-0.134382	0.176484	0.736425	13.0	-0.169586	0.311911	0.428542	14.0	-0.176708	0.350043	0.138486	15.0	-0.132348	0.452766	0.106094	16.0	-0.00187985	0.115248	0.743286	17.0	0.0158589	-0.0174531	0.442828	18.0	-0.000918567	-0.122208	0.141933	19.0	0.0230111	-0.072346	0.077981	20.0	-0.0969657	0.211241	1.25632	21.0	-0.441323	0.11596	0.664587	22.0	-0.438322	0.178927	0.720208	23.0	0.251044	0.116154	0.698822	24.0	0.234237	0.169057	0.766861
5.279	0.0	-0.0876752	0.138852	0.733669	1.0	-0.100424	0.1934	1.033	2.0	-0.107113	0.25915	1.32629	3.0	-0.125785	0.299437	1.46469	4.0	-0.259026	0.317743	1.20508	5.0	-0.361581	0.23522	0.968634	6.0	-0.423527	0.201842	0.780367	7.0	-0.433842	0.179431	0.701327	8.0	0.0594826	0.200251	1.23317	9.0	0.165591	0.119867	1.01938	10.0	0.238851	0.151378	0.820375	11.0	0.241438	0.160807	0.766307	12.0	-0.137035	0.199723	0.733847	13.0	-0.169137	0.32391	0.429563	14.0	-0.179217	0.355158	0.137291	15.0	-0.134335	0.45756	0.104785	16.0	-0.00539383	0.141031	0.7405	17.0	0.0110455	-0.00158524	0.440481	18.0	-0.000607013	-0.116967	0.141656	19.0	0.0227202	-0.0727202	0.0762331	20.0	-0.106573	0.240687	1.25383	21.0	-0.43428	0.15571	0.654216	22.0	-0.431408	0.221849	0.708217	23.0	0.25436	0.152479	0.700594	24.0	0.250367	0.205213	0.775675
5.312	0.0	-0.0934057	0.161535	0.73276	1.0	-0.109266	0.218909	1.03226	2.0	-0.118723	0.286964	1.32569	3.0	-0.137234	0.321233	1.4642	4.0	-0.266713	0.340568	1.20348	5.0	-0.365334	0.271117	0.960116	6.0	-0.416445	0.254994	0.765111	7.0	-0.426011	0.235905	0.695808	8.0	0.0506823	0.222328	1.23483	9.0	0.157002	0.147418	1.01886	10.0	0.230281	0.173002	0.82583	11.0	0.230436	0.185648	0.773485	12.0	-0.143459	0.223238	0.732879	13.0	-0.171574	0.341172	0.432417	14.0	-0.180238	0.358287	0.135744	15.0	-0.159487	0.433123	0.064409	16.0	-0.0101287	0.162696	0.739713	17.0	0.00765143	0.0100489	0.438823	18.0	-0.000992053	-0.110153	0.144227	19.0	0.0264435	-0.0678166	0.0788619	20.0	-0.117545	0.267994	1.25319	21.0	-0.421956	0.215368	0.643592	22.0	-0.428558	0.269258	0.705965	23.0	0.237746	0.172215	0.705313	24.0	0.211516	0.217709	0.768966
5.345	0.0	-0.0982554	0.183948	0.731442	1.0	-0.115973	0.24397	1.03234	2.0	-0.127061	0.314828	1.32725	3.0	-0.147351	0.357389	1.46466	4.0	-0.274408	0.373605	1.19996	5.0	-0.370023	0.322047	0.955193	6.0	-0.413061	0.307959	0.757727	7.0	-0.415765	0.299491	0.68706	8.0	0.0397922	0.257464	1.23448	9.0	0.15006	0.175437	1.02399	10.0	0.219785	0.19988	0.829341	11.0	0.219853	0.216922	0.769546	12.0	-0.148492	0.245537	0.731425	13.0	-0.174597	0.357307	0.434576	14.0	-0.180512	0.361977	0.132806	15.0	-0.157883	0.434879	0.064737	16.0	-0.0144693	0.185034	0.738605	17.0	0.00827613	0.0296116	0.441199	18.0	0.00187667	-0.0972085	0.152076	19.0	0.0338703	-0.0534035	0.0832925	20.0	-0.125497	0.295133	1.25438	21.0	-0.417148	0.279258	0.634271	22.0	-0.413733	0.337901	0.705482	23.0	0.221176	0.208204	0.704924	24.0	0.211281	0.259554	0.779371
5.379	0.0	-0.102801	0.20387	0.735181	1.0	-0.122023	0.263242	1.0352	2.0	-0.134303	0.333257	1.3291	3.0	-0.160091	0.377937	1.46316	4.0	-0.280383	0.391942	1.19692	5.0	-0.367493	0.343563	0.961001	6.0	-0.403345	0.373596	0.761178	7.0	-0.406291	0.365312	0.686997	8.0	0.0310294	0.276952	1.23885	9.0	0.139357	0.194852	1.02737	10.0	0.208815	0.219213	0.832577	11.0	0.204356	0.237517	0.775376	12.0	-0.152847	0.263983	0.733998	13.0	-0.178955	0.373618	0.458255	14.0	-0.181211	0.364026	0.131764	15.0	-0.157379	0.433487	0.0657854	16.0	-0.0189126	0.206395	0.743553	17.0	0.00860359	0.0459329	0.443963	18.0	0.00300922	-0.0901296	0.153151	19.0	0.033302	-0.0520722	0.0829597	20.0	-0.132474	0.3138	1.2565	21.0	-0.404455	0.344595	0.627125	22.0	-0.406988	0.394539	0.690033	23.0	0.202382	0.225367	0.713929	24.0	0.21567	0.278077	0.780158
5.412	0.0	-0.109015	0.221208	0.738712	1.0	-0.128688	0.283064	1.03995	2.0	-0.141273	0.355598	1.33507	3.0	-0.16845	0.404861	1.46817	4.0	-0.288517	0.413119	1.19899	5.0	-0.365784	0.386732	0.966597	6.0	-0.395291	0.433727	0.767851	7.0	-0.396203	0.436341	0.689576	8.0	0.022003	0.302309	1.24381	9.0	0.134068	0.216787	1.03603	10.0	0.199052	0.246468	0.83479	11.0	0.19109	0.260699	0.776417	12.0	-0.158917	0.280304	0.73727	13.0	-0.180516	0.376559	0.458237	14.0	-0.181572	0.365139	0.131571	15.0	-0.162387	0.424795	0.0658633	16.0	-0.0249569	0.224512	0.747229	17.0	0.0069615	0.0697758	0.448717	18.0	0.00229114	-0.0768103	0.156306	19.0	0.034224	-0.0499452	0.0832923	20.0	-0.139386	0.335514	1.26216	21.0	-0.387198	0.427434	0.628786	22.0	-0.393872	0.479459	0.691774	23.0	0.181646	0.24135	0.713553	24.0	0.184735	0.305667	0.790927
5.445	0.0	-0.113742	0.242813	0.741197	1.0	-0.134108	0.304276	1.04249	2.0	-0.147269	0.376209	1.3375	3.0	-0.175723	0.423522	1.47147	4.0	-0.294131	0.43587	1.20204	5.0	-0.366913	0.406524	0.96884	6.0	-0.390368	0.489195	0.779125	7.0	-0.388387	0.503581	0.699028	8.0	0.0156844	0.320044	1.24675	9.0	0.128665	0.234867	1.04001	10.0	0.187087	0.268818	0.841722	11.0	0.179334	0.284257	0.783519	12.0	-0.16463	0.30322	0.739245	13.0	-0.184522	0.385127	0.453862	14.0	-0.181644	0.367576	0.12959	15.0	-0.160548	0.427885	0.0666447	16.0	-0.0284818	0.244722	0.750153	17.0	0.00535217	0.0887588	0.454943	18.0	0.00170922	-0.0618036	0.159773	19.0	0.037316	-0.032645	0.090674	20.0	-0.145254	0.356297	1.26464	21.0	-0.383534	0.500891	0.638578	22.0	-0.37621	0.549941	0.713317	23.0	0.168619	0.270542	0.716967	24.0	0.160712	0.323255	0.782146
5.479	0.0	-0.117705	0.259212	0.744789	1.0	-0.139619	0.319501	1.04554	2.0	-0.154295	0.390468	1.34002	3.0	-0.184251	0.442416	1.47401	4.0	-0.299178	0.454129	1.20377	5.0	-0.367665	0.447929	0.972927	6.0	-0.384657	0.539346	0.785876	7.0	-0.378693	0.567184	0.716084	8.0	0.0106893	0.334518	1.25103	9.0	0.122713	0.25452	1.04465	10.0	0.17897	0.289597	0.846795	11.0	0.16596	0.300905	0.78694	12.0	-0.168318	0.31982	0.742397	13.0	-0.187474	0.390642	0.448251	14.0	-0.18206	0.368567	0.128862	15.0	-0.159858	0.427855	0.0672672	16.0	-0.0324341	0.260712	0.754131	17.0	0.00210373	0.104525	0.455189	18.0	-0.000679418	-0.0424653	0.15422	19.0	0.0510121	0.00535112	0.0790406	20.0	-0.151904	0.370784	1.26729	21.0	-0.374235	0.57519	0.653487	22.0	-0.370178	0.614293	0.725083	23.0	0.164325	0.295403	0.725848	24.0	0.0926691	0.263161	0.795114
5.512	0.0	-0.118858	0.275582	0.746634	1.0	-0.144346	0.340287	1.04703	2.0	-0.163354	0.416236	1.34092	3.0	-0.18828	0.459188	1.47784	4.0	-0.302099	0.469096	1.20323	5.0	-0.368818	0.473008	0.983121	6.0	-0.378014	0.588517	0.807785	7.0	-0.370177	0.631301	0.737144	8.0	0.00680824	0.352046	1.25269	9.0	0.117496	0.267078	1.04663	10.0	0.16961	0.306459	0.848324	11.0	0.147935	0.311099	0.791416	12.0	-0.168622	0.336777	0.744056	13.0	-0.189536	0.394584	0.447854	14.0	-0.182198	0.370147	0.128536	15.0	-0.158901	0.42808	0.0682591	16.0	-0.0342185	0.27644	0.75616	17.0	-0.00346463	0.132881	0.45853	18.0	-0.00348332	-0.0112829	0.153102	19.0	0.0521947	0.0434437	0.0840342	20.0	-0.159819	0.395267	1.26837	21.0	-0.361167	0.66428	0.684543	22.0	-0.356706	0.680914	0.75089	23.0	0.152155	0.301528	0.726071	24.0	0.0796305	0.286793	0.800726
5.545	0.0	-0.120523	0.285629	0.749525	1.0	-0.148625	0.351854	1.04914	2.0	-0.169995	0.428793	1.34213	3.0	-0.192095	0.473285	1.47963	4.0	-0.306433	0.48672	1.20786	5.0	-0.369032	0.5033	0.989491	6.0	-0.373763	0.637554	0.824817	7.0	-0.363906	0.687276	0.756181	8.0	0.00120803	0.370304	1.25817	9.0	0.10613	0.287238	1.05558	10.0	0.166203	0.319734	0.854968	11.0	0.147825	0.328611	0.798334	12.0	-0.169494	0.344092	0.745924	13.0	-0.192125	0.398678	0.446097	14.0	-0.182377	0.370541	0.128021	15.0	-0.157605	0.428407	0.0684442	16.0	-0.03672	0.289538	0.76023	17.0	-0.00623745	0.147875	0.457644	18.0	-0.00580435	0.018936	0.156944	19.0	0.0428805	0.0616454	0.088272	20.0	-0.165915	0.407643	1.26981	21.0	-0.351424	0.720529	0.703564	22.0	-0.353743	0.73055	0.772376	23.0	0.15416	0.318885	0.730777	24.0	0.0764024	0.300364	0.807691
5.579	0.0	-0.122366	0.299075	0.753413	1.0	-0.151015	0.36106	1.05231	2.0	-0.17231	0.434371	1.34466	3.0	-0.195491	0.482178	1.48192	4.0	-0.307671	0.498305	1.20996	5.0	-0.372174	0.529326	0.997176	6.0	-0.369723	0.671962	0.841027	7.0	-0.359202	0.735833	0.775652	8.0	-0.0029391	0.379073	1.2611	9.0	0.10445	0.29323	1.05591	10.0	0.162178	0.33055	0.855292	11.0	0.145379	0.343108	0.798771	12.0	-0.171166	0.358993	0.749043	13.0	-0.193041	0.399871	0.445115	14.0	-0.183359	0.371339	0.128753	15.0	-0.157551	0.428496	0.0685063	16.0	-0.0384349	0.301141	0.764586	17.0	-0.00879681	0.180226	0.453735	18.0	-0.0127106	0.06615	0.140387	19.0	0.0418829	0.122826	0.0788743	20.0	-0.168289	0.414048	1.27249	21.0	-0.35262	0.762136	0.72739	22.0	-0.350397	0.762436	0.814774	23.0	0.155266	0.339512	0.734294	24.0	0.0745201	0.314564	0.801737
5.619	0.0	-0.122605	0.315062	0.75494	1.0	-0.15337	0.373804	1.05568	2.0	-0.176354	0.443996	1.34959	3.0	-0.199744	0.493675	1.48683	4.0	-0.307844	0.510713	1.20721	5.0	-0.371112	0.555303	1.00295	6.0	-0.370154	0.702072	0.850641	7.0	-0.353243	0.776027	0.795966	8.0	-0.00531928	0.388655	1.26281	9.0	0.0994724	0.306391	1.06169	10.0	0.16076	0.345816	0.864568	11.0	0.140478	0.353244	0.803464	12.0	-0.170314	0.377703	0.749059	13.0	-0.193605	0.401335	0.443354	14.0	-0.183093	0.371463	0.128178	15.0	-0.157406	0.428439	0.0685218	16.0	-0.0394279	0.314591	0.76742	17.0	-0.00949772	0.205178	0.453673	18.0	-0.0149686	0.115537	0.14797	19.0	0.0358818	0.156896	0.0790203	20.0	-0.17194	0.424434	1.27705	21.0	-0.343469	0.812379	0.745974	22.0	-0.335822	0.810438	0.810521	23.0	0.164073	0.358718	0.742597	24.0	0.0754017	0.330447	0.807945
5.665	0.0	-0.123859	0.326341	0.755761	1.0	-0.154257	0.385848	1.05747	2.0	-0.176909	0.455761	1.35242	3.0	-0.201399	0.504929	1.48871	4.0	-0.307797	0.523057	1.20611	5.0	-0.369246	0.58202	1.00797	6.0	-0.36703	0.736905	0.86361	7.0	-0.347147	0.80947	0.808407	8.0	-0.00717337	0.397766	1.26524	9.0	0.0989274	0.314812	1.06389	10.0	0.161975	0.353664	0.862344	11.0	0.145881	0.365322	0.80305	12.0	-0.171296	0.385932	0.749383	13.0	-0.194214	0.404268	0.442491	14.0	-0.183059	0.371661	0.127539	15.0	-0.157302	0.4285	0.0682179	16.0	-0.040871	0.32889	0.768977	17.0	-0.00693042	0.232602	0.446935	18.0	-0.0186822	0.154857	0.142402	19.0	0.0336553	0.217052	0.0720575	20.0	-0.172584	0.436382	1.27963	21.0	-0.323202	0.847171	0.753937	22.0	-0.34168	0.844962	0.824893	23.0	0.160332	0.380112	0.741019	24.0	0.0780089	0.339071	0.796286
5.712	0.0	-0.124944	0.356571	0.758982	1.0	-0.155957	0.409862	1.06122	2.0	-0.17914	0.473511	1.35649	3.0	-0.202465	0.517904	1.49297	4.0	-0.307054	0.551883	1.21399	5.0	-0.363955	0.615723	1.01817	6.0	-0.361654	0.774814	0.878562	7.0	-0.343624	0.852924	0.825834	8.0	-0.00894406	0.409984	1.27003	9.0	0.0982051	0.326723	1.06603	10.0	0.165763	0.374511	0.864536	11.0	0.156036	0.387133	0.809253	12.0	-0.171727	0.417366	0.750569	13.0	-0.194449	0.408051	0.439092	14.0	-0.182313	0.371593	0.125791	15.0	-0.158079	0.428632	0.0664609	16.0	-0.0422951	0.35737	0.77415	17.0	-0.00494974	0.30452	0.453503	18.0	-0.0242443	0.252065	0.142891	19.0	0.0311091	0.320601	0.0737427	20.0	-0.174702	0.455688	1.28364	21.0	-0.32749	0.891225	0.777239	22.0	-0.346564	0.876489	0.800437	23.0	0.166492	0.390553	0.747079	24.0	0.0776931	0.363925	0.80132
5.758	0.0	-0.126728	0.367572	0.75976	1.0	-0.156176	0.417419	1.06236	2.0	-0.178369	0.478402	1.35789	3.0	-0.202029	0.524073	1.4963	4.0	-0.305377	0.55665	1.21414	5.0	-0.360819	0.633161	1.02342	6.0	-0.358411	0.790728	0.882343	7.0	-0.339334	0.868264	0.825847	8.0	-0.00855666	0.415083	1.27153	9.0	0.0978073	0.332704	1.06696	10.0	0.166459	0.376345	0.866813	11.0	0.160805	0.393635	0.810247	12.0	-0.173814	0.428711	0.750848	13.0	-0.194426	0.412206	0.436017	14.0	-0.182487	0.3712	0.125724	15.0	-0.158646	0.428234	0.0663959	16.0	-0.0436552	0.367877	0.775439	17.0	-0.00125594	0.321087	0.445902	18.0	-0.0170175	0.29581	0.135121	19.0	0.0341685	0.367383	0.0698921	20.0	-0.174133	0.461184	1.28498	21.0	-0.32627	0.906437	0.777988	22.0	-0.339555	0.914705	0.805949	23.0	0.167729	0.393049	0.752625	24.0	0.0780408	0.371594	0.803746
5.803	0.0	-0.127118	0.387333	0.760331	1.0	-0.155497	0.431222	1.06307	2.0	-0.176928	0.486707	1.35872	3.0	-0.200039	0.530283	1.49802	4.0	-0.302333	0.566495	1.21331	5.0	-0.356368	0.65217	1.02573	6.0	-0.352949	0.807213	0.882188	7.0	-0.336373	0.879258	0.824119	8.0	-0.00685038	0.421422	1.27253	9.0	0.0992871	0.339326	1.06869	10.0	0.168368	0.379817	0.867372	11.0	0.172272	0.401006	0.806756	12.0	-0.174063	0.450951	0.751523	13.0	-0.192752	0.419195	0.432878	14.0	-0.18241	0.371142	0.125	15.0	-0.158801	0.428259	0.0657318	16.0	-0.0439687	0.385124	0.77597	17.0	0.000398349	0.358114	0.438052	18.0	-0.0113007	0.331654	0.135996	19.0	0.0352796	0.398076	0.065529	20.0	-0.17284	0.470793	1.28579	21.0	-0.320444	0.916628	0.773415	22.0	-0.328294	0.91823	0.842492	23.0	0.181887	0.408951	0.749168	24.0	0.0836512	0.382619	0.790989
5.848	0.0	-0.128248	0.419235	0.761403	1.0	-0.153259	0.45244	1.06406	2.0	-0.172219	0.498106	1.35962	3.0	-0.191693	0.54054	1.4992	4.0	-0.296874	0.583884	1.22206	5.0	-0.352568	0.666863	1.028	6.0	-0.35112	0.814213	0.877297	7.0	-0.335586	0.878505	0.814293	8.0	-0.00231622	0.429355	1.27348	9.0	0.103202	0.353798	1.06571	10.0	0.172458	0.387267	0.868577	11.0	0.185004	0.408223	0.80776	12.0	-0.176049	0.480355	0.753742	13.0	-0.191363	0.430181	0.426025	14.0	-0.181683	0.371336	0.123292	15.0	-0.159226	0.429134	0.0641963	16.0	-0.043872	0.419192	0.775912	17.0	0.00229083	0.407073	0.4446	18.0	-0.0101936	0.385088	0.128405	19.0	0.0460682	0.464034	0.0593639	20.0	-0.168652	0.484506	1.28671	21.0	-0.322104	0.917645	0.760664	22.0	-0.318116	0.944048	0.786462	23.0	0.190662	0.399024	0.741041	24.0	0.178431	0.461807	0.804323
5.894	0.0	-0.125269	0.437057	0.761735	1.0	-0.150287	0.4617	1.0651	2.0	-0.16936	0.501079	1.36084	3.0	-0.187679	0.543397	1.50017	4.0	-0.294329	0.588847	1.2253	5.0	-0.35041	0.672951	1.02812	6.0	-0.350232	0.815966	0.873671	7.0	-0.335465	0.872306	0.80692	8.0	0.000276021	0.432712	1.27329	9.0	0.103412	0.356733	1.06326	10.0	0.173848	0.389896	0.86693	11.0	0.186095	0.40842	0.80228	12.0	-0.173183	0.497915	0.754942	13.0	-0.191017	0.439429	0.423397	14.0	-0.179523	0.372184	0.122327	15.0	-0.159184	0.429316	0.0628654	16.0	-0.0406425	0.437185	0.775419	17.0	0.00199669	0.427899	0.448045	18.0	-0.00296268	0.408201	0.127186	19.0	0.0516273	0.484543	0.059392	20.0	-0.165766	0.488776	1.28792	21.0	-0.33024	0.903718	0.749631	22.0	-0.325623	0.925044	0.791336	23.0	0.187347	0.415207	0.7335	24.0	0.170037	0.447834	0.794274
5.941	0.0	-0.12055	0.456449	0.760629	1.0	-0.144609	0.477379	1.0642	2.0	-0.162973	0.510162	1.36046	3.0	-0.180854	0.547503	1.50226	4.0	-0.288587	0.597102	1.2273	5.0	-0.347325	0.678845	1.02528	6.0	-0.346644	0.816244	0.866158	7.0	-0.332678	0.8642	0.797097	8.0	0.00680965	0.440902	1.27089	9.0	0.107933	0.365904	1.05743	10.0	0.177828	0.395963	0.864173	11.0	0.189493	0.41447	0.797702	12.0	-0.168059	0.519735	0.75464	13.0	-0.188774	0.456953	0.42316	14.0	-0.175791	0.374692	0.119505	15.0	-0.157686	0.43217	0.0602538	16.0	-0.0362014	0.454208	0.77369	17.0	0.00795627	0.450413	0.44874	18.0	0.00122814	0.422689	0.120999	19.0	0.0456961	0.488461	0.059716	20.0	-0.15948	0.499736	1.2874	21.0	-0.326134	0.890757	0.738573	22.0	-0.319736	0.916411	0.780808	23.0	0.192604	0.413225	0.726244	24.0	0.177017	0.467409	0.78879
5.986	0.0	-0.114227	0.48499	0.759827	1.0	-0.135841	0.498834	1.06287	2.0	-0.151062	0.52469	1.35883	3.0	-0.1645	0.553531	1.50416	4.0	-0.277524	0.610341	1.23291	5.0	-0.344599	0.680905	1.02109	6.0	-0.348882	0.806047	0.853054	7.0	-0.343664	0.829694	0.774846	8.0	0.0188001	0.450796	1.26658	9.0	0.112924	0.381175	1.04547	10.0	0.183269	0.409032	0.852223	11.0	0.192428	0.427317	0.784194	12.0	-0.161721	0.547474	0.755459	13.0	-0.185178	0.487653	0.417914	14.0	-0.174783	0.379434	0.119279	15.0	-0.142249	0.434109	0.0606071	16.0	-0.0297065	0.483342	0.771245	17.0	0.0155033	0.471328	0.447398	18.0	0.00285663	0.429202	0.118278	19.0	0.0451214	0.492091	0.0612396	20.0	-0.148451	0.516107	1.28582	21.0	-0.332013	0.846251	0.706406	22.0	-0.334194	0.877935	0.743659	23.0	0.196022	0.424319	0.713293	24.0	0.179161	0.464272	0.782715
6.033	0.0	-0.112878	0.496798	0.757963	1.0	-0.132013	0.50772	1.06258	2.0	-0.144471	0.531039	1.35983	3.0	-0.15497	0.558731	1.50605	4.0	-0.270844	0.617678	1.23493	5.0	-0.342553	0.681122	1.01891	6.0	-0.351584	0.794241	0.84349	7.0	-0.348721	0.814142	0.766029	8.0	0.0283921	0.461761	1.26371	9.0	0.119166	0.396157	1.04183	10.0	0.186468	0.417309	0.841487	11.0	0.191132	0.436	0.773955	12.0	-0.159473	0.558926	0.754802	13.0	-0.186558	0.523684	0.41861	14.0	-0.174634	0.384336	0.119594	15.0	-0.1429	0.437044	0.060049	16.0	-0.0291663	0.495519	0.768205	17.0	0.0179372	0.474714	0.446806	18.0	0.00257496	0.429637	0.118001	19.0	0.0448422	0.492131	0.0613272	20.0	-0.142634	0.523086	1.28651	21.0	-0.341003	0.840383	0.708842	22.0	-0.337589	0.85684	0.772537	23.0	0.198775	0.436911	0.707428	24.0	0.171232	0.468162	0.770885
6.08	0.0	-0.105242	0.522924	0.759009	1.0	-0.118042	0.532487	1.06257	2.0	-0.123142	0.553465	1.35875	3.0	-0.134543	0.577134	1.50709	4.0	-0.257125	0.635186	1.24171	5.0	-0.338791	0.675913	1.01324	6.0	-0.360259	0.757665	0.823955	7.0	-0.363355	0.769075	0.741564	8.0	0.0461588	0.488124	1.26034	9.0	0.127387	0.418026	1.03165	10.0	0.187824	0.439909	0.82626	11.0	0.188725	0.453814	0.761897	12.0	-0.151677	0.58459	0.75979	13.0	-0.19653	0.628976	0.454692	14.0	-0.184728	0.453335	0.143579	15.0	-0.168567	0.485605	0.0785904	16.0	-0.0212863	0.522538	0.765093	17.0	0.0188665	0.476718	0.446447	18.0	0.00187562	0.4319	0.11883	19.0	0.0449158	0.49279	0.062153	20.0	-0.123214	0.546235	1.28571	21.0	-0.353483	0.786228	0.687996	22.0	-0.358325	0.807295	0.747279	23.0	0.18844	0.458217	0.692798	24.0	0.176458	0.491423	0.770579
6.125	0.0	-0.104069	0.534407	0.757612	1.0	-0.112588	0.546738	1.06121	2.0	-0.112653	0.570486	1.35755	3.0	-0.127953	0.587084	1.50623	4.0	-0.251739	0.646988	1.23897	5.0	-0.337219	0.673133	1.00664	6.0	-0.366608	0.743461	0.81463	7.0	-0.370919	0.747119	0.7434	8.0	0.055386	0.503596	1.25601	9.0	0.137929	0.435901	1.02802	10.0	0.188956	0.448524	0.823689	11.0	0.189308	0.467052	0.756356	12.0	-0.150616	0.595058	0.760097	13.0	-0.199898	0.685201	0.470205	14.0	-0.188882	0.482293	0.162703	15.0	-0.168131	0.51773	0.0787505	16.0	-0.0200095	0.534511	0.762102	17.0	0.0192338	0.478018	0.447199	18.0	0.0019147	0.431986	0.121562	19.0	0.0460146	0.494023	0.0627976	20.0	-0.114023	0.562582	1.28446	21.0	-0.364398	0.751873	0.679042	22.0	-0.376843	0.781879	0.740223	23.0	0.187312	0.472196	0.686943	24.0	0.205852	0.506774	0.782956
6.172	0.0	-0.104846	0.546604	0.756822	1.0	-0.111771	0.558901	1.05956	2.0	-0.110958	0.582021	1.35511	3.0	-0.121826	0.602956	1.50282	4.0	-0.250496	0.655526	1.2376	5.0	-0.33794	0.669193	0.99789	6.0	-0.372974	0.728681	0.803836	7.0	-0.379404	0.725687	0.73645	8.0	0.0592128	0.515959	1.25371	9.0	0.138503	0.444005	1.02627	10.0	0.191587	0.459035	0.823491	11.0	0.192888	0.476056	0.755338	12.0	-0.151727	0.607662	0.760744	13.0	-0.201446	0.709614	0.474932	14.0	-0.197882	0.53131	0.152007	15.0	-0.180283	0.578359	0.0895711	16.0	-0.0203612	0.546134	0.760106	17.0	0.0184869	0.480582	0.449064	18.0	0.00128641	0.431476	0.121819	19.0	0.0440369	0.492409	0.0646296	20.0	-0.112481	0.574305	1.28221	21.0	-0.371932	0.726231	0.673358	22.0	-0.382233	0.756182	0.728234	23.0	0.182893	0.466598	0.683547	24.0	0.177626	0.515231	0.759751
6.218	0.0	-0.106935	0.569977	0.753025	1.0	-0.106898	0.589767	1.0569	2.0	-0.0982778	0.621426	1.35382	3.0	-0.113974	0.652194	1.49944	4.0	-0.246022	0.692296	1.23527	5.0	-0.340316	0.666722	0.987743	6.0	-0.388549	0.682708	0.773949	7.0	-0.393012	0.677605	0.719196	8.0	0.0673362	0.56252	1.24787	9.0	0.146322	0.485815	1.02604	10.0	0.19841	0.495579	0.821854	11.0	0.203597	0.509355	0.753163	12.0	-0.15357	0.629861	0.757838	13.0	-0.202249	0.756552	0.473105	14.0	-0.211528	0.664137	0.136615	15.0	-0.191742	0.721159	0.0772512	16.0	-0.0223939	0.570356	0.755626	17.0	0.0147382	0.489099	0.451167	18.0	-0.000234045	0.431797	0.124108	19.0	0.0411141	0.489337	0.0616109	20.0	-0.10182	0.611514	1.28056	21.0	-0.385172	0.680357	0.66662	22.0	-0.377439	0.717175	0.669461	23.0	0.195838	0.499744	0.6815	24.0	0.178723	0.534868	0.729621
6.263	0.0	-0.109162	0.582622	0.748692	1.0	-0.107567	0.607494	1.05339	2.0	-0.09782	0.643938	1.35137	3.0	-0.115702	0.673401	1.49625	4.0	-0.247358	0.712928	1.23264	5.0	-0.342392	0.669127	0.982536	6.0	-0.39112	0.678322	0.777655	7.0	-0.399722	0.662494	0.722301	8.0	0.0657479	0.583008	1.2495	9.0	0.146385	0.516182	1.03059	10.0	0.203099	0.512271	0.817134	11.0	0.206354	0.529059	0.755741	12.0	-0.155635	0.642064	0.75342	13.0	-0.202622	0.777833	0.464731	14.0	-0.215146	0.752199	0.153344	15.0	-0.165366	0.852157	0.124918	16.0	-0.0246088	0.583292	0.751546	17.0	0.0115602	0.494119	0.448504	18.0	-0.000519604	0.43231	0.124314	19.0	0.0407585	0.489624	0.0613237	20.0	-0.101597	0.63285	1.27784	21.0	-0.395645	0.657353	0.666709	22.0	-0.393094	0.696498	0.733953	23.0	0.205548	0.519587	0.68718	24.0	0.187753	0.55976	0.750332
6.312	0.0	-0.115984	0.617142	0.735987	1.0	-0.111619	0.65539	1.04093	2.0	-0.0991958	0.704895	1.33911	3.0	-0.124004	0.733823	1.48468	4.0	-0.258187	0.765937	1.2132	5.0	-0.351084	0.696238	0.967069	6.0	-0.399997	0.66994	0.768572	7.0	-0.410848	0.657264	0.726207	8.0	0.0621534	0.639065	1.24055	9.0	0.151236	0.56331	1.02931	10.0	0.209924	0.565709	0.820496	11.0	0.215709	0.578385	0.75458	12.0	-0.162589	0.675327	0.73963	13.0	-0.203109	0.814254	0.437961	14.0	-0.214038	0.874923	0.128999	15.0	-0.178987	0.97199	0.069265	16.0	-0.0307847	0.618711	0.740312	17.0	0.00491936	0.508596	0.441587	18.0	-0.00163834	0.433883	0.126118	19.0	0.0406227	0.489829	0.0615265	20.0	-0.103657	0.69058	1.26555	21.0	-0.41759	0.647202	0.667938	22.0	-0.388169	0.653277	0.742505	23.0	0.216226	0.568632	0.685073	24.0	0.198134	0.609237	0.753149
6.359	0.0	-0.120128	0.635668	0.729492	1.0	-0.115867	0.676923	1.03479	2.0	-0.103825	0.72891	1.33317	3.0	-0.131547	0.755503	1.47944	4.0	-0.26299	0.786603	1.20858	5.0	-0.356043	0.719556	0.961627	6.0	-0.402378	0.672661	0.76868	7.0	-0.416442	0.669855	0.734514	8.0	0.0561627	0.665929	1.23611	9.0	0.148628	0.587573	1.03012	10.0	0.209895	0.58921	0.819835	11.0	0.219428	0.603641	0.752184	12.0	-0.16699	0.69666	0.732818	13.0	-0.203928	0.825085	0.431811	14.0	-0.206754	0.916805	0.126696	15.0	-0.158623	1.0158	0.097232	16.0	-0.0343925	0.634426	0.734368	17.0	0.00103955	0.521992	0.442768	18.0	-0.00271738	0.43558	0.126154	19.0	0.0405137	0.489643	0.0613706	20.0	-0.108181	0.714003	1.25958	21.0	-0.423041	0.656993	0.670476	22.0	-0.39649	0.662486	0.775111	23.0	0.221416	0.595657	0.683686	24.0	0.19286	0.625059	0.745617
6.408	0.0	-0.12321	0.664915	0.72179	1.0	-0.122023	0.709403	1.02716	2.0	-0.113424	0.764719	1.32538	3.0	-0.140195	0.797071	1.46675	4.0	-0.272878	0.824111	1.19781	5.0	-0.359689	0.744916	0.952756	6.0	-0.409033	0.692196	0.764698	7.0	-0.418978	0.690824	0.729745	8.0	0.0470845	0.696982	1.2302	9.0	0.146584	0.618123	1.02349	10.0	0.211797	0.620909	0.81384	11.0	0.221242	0.633533	0.747945	12.0	-0.17001	0.723652	0.725174	13.0	-0.202132	0.859249	0.432341	14.0	-0.20655	0.917341	0.125575	15.0	-0.177807	0.993487	0.0643926	16.0	-0.0370904	0.665394	0.726946	17.0	-0.00147846	0.535208	0.440157	18.0	-0.00368013	0.438158	0.126769	19.0	0.0405595	0.489988	0.0618511	20.0	-0.116904	0.748978	1.25184	21.0	-0.430718	0.676612	0.669084	22.0	-0.415916	0.708874	0.76818	23.0	0.217266	0.613766	0.676434	24.0	0.185193	0.632586	0.798106
6.457	0.0	-0.131193	0.704212	0.715178	1.0	-0.135618	0.756155	1.0207	2.0	-0.132217	0.818369	1.31919	3.0	-0.160905	0.856519	1.46317	4.0	-0.2882	0.879151	1.18813	5.0	-0.372619	0.808631	0.938962	6.0	-0.418233	0.771602	0.746462	7.0	-0.420047	0.758277	0.713705	8.0	0.0294456	0.754759	1.22153	9.0	0.128495	0.674947	1.01271	10.0	0.204055	0.685308	0.812156	11.0	0.213372	0.695382	0.75528	12.0	-0.17761	0.763488	0.718014	13.0	-0.199272	0.897779	0.433376	14.0	-0.206172	0.925492	0.122657	15.0	-0.157133	1.02356	0.092524	16.0	-0.0448331	0.703726	0.721083	17.0	-0.00923232	0.565252	0.427303	18.0	-0.00371318	0.448876	0.129761	19.0	0.0408017	0.491829	0.0621833	20.0	-0.134472	0.800975	1.24558	21.0	-0.424758	0.745237	0.654676	22.0	-0.424869	0.779995	0.71059	23.0	0.224152	0.690535	0.689057	24.0	0.169253	0.686735	0.793361
6.505	0.0	-0.134218	0.727553	0.717574	1.0	-0.141831	0.78021	1.02317	2.0	-0.141524	0.843315	1.32156	3.0	-0.171125	0.881639	1.46551	4.0	-0.295586	0.898446	1.18916	5.0	-0.377687	0.842232	0.934567	6.0	-0.419635	0.808066	0.740423	7.0	-0.421462	0.801171	0.692843	8.0	0.021138	0.775655	1.22681	9.0	0.120568	0.691471	1.01328	10.0	0.195966	0.708354	0.819882	11.0	0.204195	0.725703	0.759495	12.0	-0.180593	0.788965	0.719249	13.0	-0.199946	0.908777	0.435394	14.0	-0.205912	0.928927	0.119991	15.0	-0.18165	0.990921	0.0612935	16.0	-0.047573	0.724872	0.724544	17.0	-0.0114989	0.586314	0.42795	18.0	-0.00401811	0.460462	0.130909	19.0	0.0436799	0.499964	0.0641768	20.0	-0.143013	0.825688	1.24799	21.0	-0.413324	0.785795	0.629581	22.0	-0.420091	0.828595	0.663573	23.0	0.210719	0.721512	0.692042	24.0	0.178551	0.744108	0.750043
6.552	0.0	-0.142182	0.763283	0.725173	1.0	-0.153262	0.818468	1.03014	2.0	-0.156112	0.883886	1.32768	3.0	-0.188234	0.9282	1.47312	4.0	-0.306656	0.944013	1.19003	5.0	-0.388038	0.915449	0.942461	6.0	-0.425912	0.931265	0.742376	7.0	-0.424547	0.924326	0.668999	8.0	0.00594741	0.820058	1.23686	9.0	0.108537	0.733029	1.01984	10.0	0.176498	0.755559	0.823972	11.0	0.178899	0.77678	0.769477	12.0	-0.188234	0.823584	0.724998	13.0	-0.204334	0.922944	0.444877	14.0	-0.20532	0.932913	0.119621	15.0	-0.181323	0.99186	0.0622604	16.0	-0.0552483	0.761244	0.73405	17.0	-0.0109125	0.623281	0.433972	18.0	-0.00759646	0.493154	0.140756	19.0	0.0466606	0.519707	0.0678852	20.0	-0.156854	0.865715	1.25435	21.0	-0.415379	0.919664	0.619883	22.0	-0.420428	0.959313	0.649099	23.0	0.178614	0.775692	0.707428	24.0	0.158911	0.803904	0.765213
6.6	0.0	-0.143246	0.778961	0.729925	1.0	-0.157088	0.837443	1.03516	2.0	-0.162904	0.906315	1.33291	3.0	-0.192681	0.946714	1.47687	4.0	-0.309654	0.96433	1.19374	5.0	-0.387947	0.948525	0.949986	6.0	-0.416626	0.995729	0.751402	7.0	-0.424299	0.998982	0.68792	8.0	0.00170026	0.836709	1.2409	9.0	0.100302	0.756048	1.0311	10.0	0.166657	0.780641	0.834717	11.0	0.167674	0.799185	0.776135	12.0	-0.188752	0.838705	0.728939	13.0	-0.20684	0.93077	0.447484	14.0	-0.206762	0.934036	0.117445	15.0	-0.181604	0.992185	0.0620261	16.0	-0.0566382	0.777227	0.739493	17.0	-0.0123016	0.643341	0.436793	18.0	-0.0129516	0.513568	0.147773	19.0	0.0425656	0.547385	0.0766464	20.0	-0.162899	0.887282	1.25954	21.0	-0.423801	0.999079	0.629258	22.0	-0.431241	1.02566	0.702388	23.0	0.163092	0.800581	0.710113	24.0	0.0784254	0.769107	0.768773
6.648	0.0	-0.145826	0.812798	0.740546	1.0	-0.162985	0.868232	1.04555	2.0	-0.171312	0.933489	1.34288	3.0	-0.200722	0.976919	1.4859	4.0	-0.316839	0.99641	1.20314	5.0	-0.389502	1.01664	0.975012	6.0	-0.415061	1.10749	0.789474	7.0	-0.415461	1.13863	0.720366	8.0	-0.00544624	0.864714	1.25007	9.0	0.0893306	0.78324	1.04283	10.0	0.154542	0.816932	0.846905	11.0	0.158572	0.836244	0.786129	12.0	-0.191275	0.872131	0.738383	13.0	-0.209882	0.939078	0.448661	14.0	-0.204799	0.934615	0.113695	15.0	-0.179654	0.995686	0.0599181	16.0	-0.0587332	0.811189	0.751102	17.0	-0.0231716	0.68604	0.43591	18.0	-0.027069	0.573851	0.141451	19.0	0.029056	0.61607	0.0787742	20.0	-0.170756	0.91541	1.26963	21.0	-0.415602	1.155	0.662409	22.0	-0.433235	1.15724	0.729873	23.0	0.165629	0.839033	0.723023	24.0	0.150199	0.875278	0.788427
6.695	0.0	-0.146013	0.828396	0.744427	1.0	-0.165074	0.882098	1.04872	2.0	-0.175124	0.945902	1.34543	3.0	-0.20383	0.991364	1.48952	4.0	-0.318704	1.01161	1.20594	5.0	-0.389361	1.04222	0.985094	6.0	-0.407762	1.15876	0.812054	7.0	-0.407471	1.19643	0.745818	8.0	-0.00815235	0.878231	1.25402	9.0	0.0872211	0.797178	1.04391	10.0	0.153755	0.828502	0.848116	11.0	0.157786	0.854067	0.790056	12.0	-0.191065	0.889389	0.741654	13.0	-0.210867	0.943819	0.451257	14.0	-0.204909	0.934677	0.114006	15.0	-0.181765	0.993261	0.0588831	16.0	-0.0590841	0.825053	0.755426	17.0	-0.0248763	0.708186	0.437433	18.0	-0.0312392	0.599457	0.138614	19.0	0.025485	0.66202	0.0738975	20.0	-0.174152	0.928168	1.27233	21.0	-0.398453	1.22403	0.687008	22.0	-0.433167	1.22271	0.732413	23.0	0.169192	0.860071	0.729502	24.0	0.119336	0.871954	0.773899
6.743	0.0	-0.146973	0.844145	0.747528	1.0	-0.166638	0.894549	1.05232	2.0	-0.177186	0.955232	1.34922	3.0	-0.206434	1.0022	1.49225	4.0	-0.320191	1.02305	1.20957	5.0	-0.385472	1.0698	0.991779	6.0	-0.399269	1.20401	0.830532	7.0	-0.399111	1.25118	0.767694	8.0	-0.00965164	0.888998	1.25713	9.0	0.0871391	0.80898	1.04406	10.0	0.152107	0.844032	0.848247	11.0	0.157634	0.868277	0.793174	12.0	-0.191771	0.904651	0.744232	13.0	-0.211228	0.948832	0.452466	14.0	-0.205004	0.934733	0.114613	15.0	-0.181316	0.99316	0.0594301	16.0	-0.0600864	0.841005	0.759026	17.0	-0.0264696	0.73871	0.437497	18.0	-0.0357855	0.644101	0.137294	19.0	0.0112006	0.694129	0.0773442	20.0	-0.176104	0.938256	1.2761	21.0	-0.382998	1.28974	0.71473	22.0	-0.385354	1.24314	0.734624	23.0	0.16712	0.870195	0.730829	24.0	0.130851	0.896608	0.786506
6.79	0.0	-0.146325	0.873578	0.750817	1.0	-0.167661	0.918185	1.05761	2.0	-0.179632	0.973304	1.3561	3.0	-0.208451	1.01991	1.49853	4.0	-0.320083	1.04949	1.21441	5.0	-0.378143	1.11697	1.00805	6.0	-0.389974	1.26795	0.861357	7.0	-0.383734	1.33516	0.81109	8.0	-0.0133799	0.907866	1.26289	9.0	0.0818697	0.833845	1.0476	10.0	0.149907	0.87089	0.852187	11.0	0.156766	0.898993	0.796574	12.0	-0.189814	0.935334	0.746466	13.0	-0.210895	0.956886	0.446484	14.0	-0.203633	0.934432	0.11389	15.0	-0.183355	0.992877	0.0586428	16.0	-0.0602983	0.869042	0.763318	17.0	-0.0260861	0.796175	0.434714	18.0	-0.052767	0.73009	0.131097	19.0	-0.000404206	0.782079	0.0692363	20.0	-0.178217	0.957696	1.28262	21.0	-0.371424	1.37751	0.768966	22.0	-0.387885	1.31118	0.788919	23.0	0.16591	0.904868	0.734515	24.0	0.125812	0.923968	0.784728
6.84	0.0	-0.149262	0.888764	0.75179	1.0	-0.168355	0.930902	1.05953	2.0	-0.178674	0.983365	1.35888	3.0	-0.207733	1.02999	1.50158	4.0	-0.318031	1.06054	1.21541	5.0	-0.372666	1.14139	1.01287	6.0	-0.386587	1.29818	0.872501	7.0	-0.373904	1.36771	0.827925	8.0	-0.0135242	0.91402	1.26425	9.0	0.0796625	0.841813	1.04943	10.0	0.150973	0.885931	0.854778	11.0	0.156894	0.912789	0.798793	12.0	-0.191887	0.951288	0.746592	13.0	-0.209226	0.959355	0.440702	14.0	-0.203134	0.933348	0.111975	15.0	-0.182759	0.994292	0.0580227	16.0	-0.0638504	0.88324	0.765136	17.0	-0.0222346	0.839496	0.436955	18.0	-0.0550332	0.771333	0.126082	19.0	-0.0123879	0.825402	0.0613054	20.0	-0.177621	0.968444	1.2852	21.0	-0.355455	1.41225	0.789738	22.0	-0.385782	1.34125	0.800739	23.0	0.166045	0.919518	0.736189	24.0	0.123597	0.933574	0.801617
6.888	0.0	-0.14686	0.92064	0.754024	1.0	-0.165682	0.954327	1.06175	2.0	-0.175825	0.998992	1.36134	3.0	-0.202707	1.04626	1.50432	4.0	-0.311511	1.08381	1.22095	5.0	-0.362666	1.17125	1.02207	6.0	-0.372569	1.33753	0.89217	7.0	-0.355452	1.4044	0.854755	8.0	-0.0118774	0.930588	1.26575	9.0	0.0814436	0.861679	1.04782	10.0	0.154622	0.908113	0.856806	11.0	0.162289	0.936369	0.80157	12.0	-0.189676	0.9847	0.748183	13.0	-0.20767	0.971999	0.419828	14.0	-0.202617	0.933496	0.112504	15.0	-0.183976	0.992686	0.0576589	16.0	-0.0609312	0.913192	0.768079	17.0	-0.0201294	0.901271	0.435215	18.0	-0.0465397	0.866488	0.116482	19.0	0.00343859	0.926287	0.0582741	20.0	-0.174801	0.985952	1.28758	21.0	-0.338093	1.45098	0.815487	22.0	-0.37508	1.37611	0.822119	23.0	0.174351	0.949314	0.739314	24.0	0.132226	0.967342	0.788895
6.936	0.0	-0.146551	0.933795	0.754826	1.0	-0.163724	0.96553	1.06298	2.0	-0.172475	1.00766	1.36282	3.0	-0.198841	1.05201	1.50596	4.0	-0.307798	1.09261	1.22381	5.0	-0.357609	1.18131	1.02441	6.0	-0.366552	1.34816	0.895176	7.0	-0.348052	1.4146	0.854795	8.0	-0.00949993	0.936494	1.26629	9.0	0.0819605	0.86862	1.04767	10.0	0.155903	0.914317	0.856842	11.0	0.163414	0.944908	0.797659	12.0	-0.190073	0.995054	0.748873	13.0	-0.207629	0.974629	0.414275	14.0	-0.202453	0.933261	0.111999	15.0	-0.189822	0.987133	0.055157	16.0	-0.0595373	0.929349	0.769025	17.0	-0.020506	0.925321	0.428871	18.0	-0.0426728	0.900865	0.122111	19.0	0.00582716	0.963998	0.0638099	20.0	-0.171769	0.995302	1.28902	21.0	-0.317826	1.47338	0.815753	22.0	-0.363874	1.38546	0.828307	23.0	0.174125	0.958798	0.732372	24.0	0.130982	0.9682	0.792595
6.985	0.0	-0.143222	0.969488	0.755319	1.0	-0.156402	0.991419	1.0622	2.0	-0.161813	1.02446	1.36099	3.0	-0.1851	1.06592	1.50778	4.0	-0.298296	1.11195	1.22922	5.0	-0.34933	1.2011	1.02362	6.0	-0.355526	1.36361	0.889052	7.0	-0.33142	1.42104	0.845909	8.0	0.000303421	0.95102	1.26553	9.0	0.0866757	0.886905	1.0381	10.0	0.162502	0.931644	0.847885	11.0	0.168839	0.958702	0.789887	12.0	-0.186625	1.03197	0.750248	13.0	-0.207601	0.992253	0.418679	14.0	-0.200095	0.931652	0.106636	15.0	-0.189953	0.989805	0.0520935	16.0	-0.0560674	0.963101	0.768735	17.0	-0.0170011	0.979332	0.425113	18.0	-0.0356894	0.95984	0.114894	19.0	0.00659661	1.01344	0.0596607	20.0	-0.161893	1.01428	1.28743	21.0	-0.308727	1.47012	0.801457	22.0	-0.343621	1.38996	0.823028	23.0	0.177812	0.967088	0.721922	24.0	0.146541	0.993686	0.779542
7.033	0.0	-0.137504	0.98844	0.754176	1.0	-0.150458	1.0026	1.0619	2.0	-0.155636	1.02975	1.36109	3.0	-0.174025	1.07258	1.50734	4.0	-0.289539	1.12309	1.23059	5.0	-0.346494	1.2072	1.02251	6.0	-0.349573	1.36578	0.883293	7.0	-0.324249	1.42152	0.824568	8.0	0.00582504	0.95641	1.26358	9.0	0.0897583	0.89367	1.03391	10.0	0.165391	0.939476	0.843861	11.0	0.171743	0.964699	0.783278	12.0	-0.180712	1.05219	0.750107	13.0	-0.20614	1.00438	0.422679	14.0	-0.197855	0.933748	0.107613	15.0	-0.186851	0.992862	0.0534208	16.0	-0.0503823	0.98073	0.766735	17.0	-0.00698459	1.00132	0.430087	18.0	-0.0305582	0.966721	0.116557	19.0	0.00963087	1.0192	0.061159	20.0	-0.155795	1.02087	1.28745	21.0	-0.307343	1.46305	0.784783	22.0	-0.318938	1.41427	0.780504	23.0	0.181221	0.974061	0.717606	24.0	0.154941	1.00566	0.770094
7.081	0.0	-0.129458	1.02396	0.751265	1.0	-0.138018	1.02758	1.05983	2.0	-0.139205	1.04373	1.35969	3.0	-0.153611	1.08356	1.50882	4.0	-0.276677	1.13913	1.23383	5.0	-0.340938	1.21536	1.02287	6.0	-0.343495	1.35656	0.866844	7.0	-0.329826	1.38687	0.793442	8.0	0.0206337	0.967849	1.25795	9.0	0.0979082	0.911005	1.02582	10.0	0.169899	0.950439	0.833408	11.0	0.177075	0.976548	0.769475	12.0	-0.172169	1.0881	0.749186	13.0	-0.197396	1.0378	0.416281	14.0	-0.191333	0.940408	0.104809	15.0	-0.188228	0.993652	0.0495699	16.0	-0.0424688	1.01555	0.762027	17.0	0.00459184	1.01908	0.429399	18.0	-0.0292409	0.969274	0.115063	19.0	0.0107148	1.02057	0.0602694	20.0	-0.140335	1.0376	1.28592	21.0	-0.311451	1.42208	0.743345	22.0	-0.329368	1.37456	0.746351	23.0	0.182203	0.98809	0.699702	24.0	0.160993	1.02014	0.755383
7.129	0.0	-0.125122	1.04141	0.75055	1.0	-0.130857	1.04182	1.05897	2.0	-0.128925	1.05393	1.3587	3.0	-0.142656	1.08948	1.50856	4.0	-0.268664	1.14857	1.23652	5.0	-0.338691	1.21761	1.02246	6.0	-0.345264	1.33988	0.852291	7.0	-0.338431	1.36099	0.782369	8.0	0.0308728	0.979306	1.2542	9.0	0.102122	0.92108	1.01758	10.0	0.173052	0.959603	0.824683	11.0	0.179304	0.983994	0.758736	12.0	-0.167822	1.10423	0.749605	13.0	-0.192758	1.06182	0.413802	14.0	-0.188238	0.947138	0.10552	15.0	-0.183183	1.00146	0.0502978	16.0	-0.0379898	1.03418	0.760146	17.0	0.00508587	1.02249	0.426395	18.0	-0.0292272	0.970092	0.114179	19.0	0.0113626	1.02079	0.0593811	20.0	-0.130835	1.04893	1.28496	21.0	-0.324723	1.38204	0.722385	22.0	-0.335448	1.35217	0.731005	23.0	0.180446	0.993065	0.687797	24.0	0.157227	1.01316	0.760286
7.178	0.0	-0.120855	1.05309	0.750595	1.0	-0.124221	1.05235	1.05963	2.0	-0.119413	1.06279	1.35997	3.0	-0.133441	1.09701	1.50872	4.0	-0.261039	1.15836	1.24094	5.0	-0.337258	1.21836	1.02193	6.0	-0.35159	1.32027	0.840436	7.0	-0.348507	1.33579	0.767358	8.0	0.0376513	0.987005	1.25152	9.0	0.107376	0.93071	1.01142	10.0	0.174439	0.964928	0.816652	11.0	0.180385	0.987278	0.75426	12.0	-0.162251	1.11714	0.751398	13.0	-0.191412	1.11258	0.423927	14.0	-0.189508	0.957397	0.107956	15.0	-0.177174	1.00834	0.050216	16.0	-0.0347665	1.04473	0.758711	17.0	0.00539525	1.02401	0.425218	18.0	-0.0293901	0.970541	0.113027	19.0	0.0117287	1.02114	0.0583852	20.0	-0.122077	1.05828	1.28608	21.0	-0.336719	1.35136	0.70373	22.0	-0.312436	1.34626	0.75352	23.0	0.186131	0.995535	0.68244	24.0	0.170088	1.03007	0.742076
7.226	0.0	-0.114716	1.0798	0.74784	1.0	-0.113736	1.08049	1.05721	2.0	-0.104099	1.09177	1.35785	3.0	-0.11467	1.12176	1.50868	4.0	-0.248516	1.18384	1.24121	5.0	-0.335204	1.21987	1.01444	6.0	-0.36754	1.28345	0.814571	7.0	-0.372212	1.28636	0.743249	8.0	0.053251	1.01838	1.24286	9.0	0.119548	0.95941	1.00099	10.0	0.181206	0.98194	0.803409	11.0	0.183742	1.00032	0.742635	12.0	-0.155031	1.14317	0.75299	13.0	-0.189504	1.20263	0.462244	14.0	-0.196821	1.0277	0.137275	15.0	-0.177629	1.05625	0.0746062	16.0	-0.0295381	1.07184	0.751618	17.0	0.00662753	1.02927	0.424137	18.0	-0.0300423	0.971493	0.112022	19.0	0.010906	1.02203	0.0573171	20.0	-0.107996	1.08713	1.28389	21.0	-0.362907	1.29083	0.681492	22.0	-0.363567	1.25101	0.709054	23.0	0.182022	1.0018	0.666278	24.0	0.161635	1.03191	0.74658
7.279	0.0	-0.111423	1.10757	0.745366	1.0	-0.108948	1.11243	1.05453	2.0	-0.0978051	1.12805	1.35474	3.0	-0.108202	1.16176	1.50424	4.0	-0.24604	1.21369	1.23947	5.0	-0.342069	1.22092	1.00175	6.0	-0.388354	1.25126	0.804248	7.0	-0.405352	1.23764	0.735622	8.0	0.0607276	1.05427	1.24182	9.0	0.126707	0.992608	1.00459	10.0	0.185658	1.00056	0.80563	11.0	0.192207	1.01683	0.741381	12.0	-0.151619	1.17007	0.751428	13.0	-0.18974	1.26323	0.464434	14.0	-0.213796	1.13356	0.120146	15.0	-0.189995	1.18304	0.0623129	16.0	-0.0260264	1.1001	0.748399	17.0	0.00688215	1.03882	0.425843	18.0	-0.030269	0.972798	0.111931	19.0	0.00890373	1.02354	0.0567515	20.0	-0.102081	1.12231	1.28092	21.0	-0.401587	1.23984	0.670601	22.0	-0.407002	1.2012	0.720536	23.0	0.188194	1.01683	0.668051	24.0	0.174994	1.06252	0.73535
7.328	0.0	-0.110819	1.12487	0.743141	1.0	-0.107821	1.13323	1.05289	2.0	-0.0961169	1.15196	1.35387	3.0	-0.107981	1.18399	1.50256	4.0	-0.245422	1.23628	1.23416	5.0	-0.347562	1.22206	0.994872	6.0	-0.402699	1.23365	0.796408	7.0	-0.418145	1.21909	0.735434	8.0	0.0625572	1.07441	1.24229	9.0	0.129201	1.00725	1.00744	10.0	0.190401	1.01777	0.8068	11.0	0.197126	1.03066	0.740105	12.0	-0.150884	1.18811	0.749136	13.0	-0.188855	1.29317	0.461211	14.0	-0.21746	1.20724	0.118142	15.0	-0.190676	1.25902	0.0617992	16.0	-0.0253544	1.11628	0.746369	17.0	0.00773315	1.04688	0.425408	18.0	-0.0298974	0.974049	0.112317	19.0	0.00904241	1.02396	0.0567786	20.0	-0.100541	1.1455	1.27985	21.0	-0.416571	1.21858	0.668508	22.0	-0.414825	1.1822	0.728584	23.0	0.198363	1.03328	0.670321	24.0	0.179334	1.06691	0.740035
7.378	0.0	-0.110796	1.13876	0.740616	1.0	-0.107815	1.14927	1.05076	2.0	-0.0961031	1.1701	1.35213	3.0	-0.11236	1.21572	1.49819	4.0	-0.247777	1.25366	1.23317	5.0	-0.356062	1.22594	0.984433	6.0	-0.417488	1.2182	0.786647	7.0	-0.434121	1.20087	0.734775	8.0	0.0612171	1.09745	1.24223	9.0	0.132624	1.02545	1.01175	10.0	0.19321	1.02887	0.807636	11.0	0.200343	1.046	0.742142	12.0	-0.151082	1.20098	0.74612	13.0	-0.188523	1.3155	0.451862	14.0	-0.223456	1.28411	0.112095	15.0	-0.194762	1.33073	0.0545363	16.0	-0.024898	1.13108	0.744482	17.0	0.00729027	1.05432	0.425498	18.0	-0.029672	0.975602	0.11257	19.0	0.00903424	1.02394	0.0564452	20.0	-0.100537	1.16311	1.27801	21.0	-0.425723	1.20389	0.676692	22.0	-0.42919	1.17005	0.732092	23.0	0.197361	1.04431	0.670806	24.0	0.17963	1.08154	0.742277
7.427	0.0	-0.110659	1.17519	0.731468	1.0	-0.11188	1.19663	1.04086	2.0	-0.104428	1.22795	1.34157	3.0	-0.12605	1.27905	1.48509	4.0	-0.259637	1.30178	1.21805	5.0	-0.36717	1.24432	0.974295	6.0	-0.431801	1.21293	0.780159	7.0	-0.453382	1.20049	0.735789	8.0	0.0546764	1.15311	1.23876	9.0	0.135557	1.06445	1.0178	10.0	0.203276	1.06996	0.814398	11.0	0.211761	1.08408	0.750815	12.0	-0.15203	1.23755	0.734047	13.0	-0.188498	1.36019	0.438704	14.0	-0.222692	1.41764	0.110346	15.0	-0.165825	1.51127	0.0853356	16.0	-0.0231748	1.16686	0.738579	17.0	0.00521048	1.07424	0.431567	18.0	-0.0288004	0.977943	0.113786	19.0	0.00986808	1.0243	0.0570446	20.0	-0.10783	1.21843	1.26762	21.0	-0.463782	1.18917	0.667387	22.0	-0.445487	1.17001	0.747726	23.0	0.210347	1.08276	0.679018	24.0	0.195288	1.11763	0.742755
7.479	0.0	-0.113847	1.21546	0.718703	1.0	-0.120813	1.25123	1.02507	2.0	-0.118836	1.29694	1.32268	3.0	-0.145004	1.34366	1.47074	4.0	-0.270446	1.36232	1.19839	5.0	-0.379269	1.29138	0.959934	6.0	-0.447508	1.23747	0.773621	7.0	-0.465237	1.23018	0.726815	8.0	0.0366581	1.21963	1.22955	9.0	0.133547	1.12095	1.01833	10.0	0.211755	1.11629	0.818229	11.0	0.222483	1.12712	0.749531	12.0	-0.155537	1.27825	0.71907	13.0	-0.187282	1.4057	0.421919	14.0	-0.208012	1.47536	0.121648	15.0	-0.151443	1.56822	0.0955945	16.0	-0.0253919	1.20597	0.728544	17.0	0.00187967	1.09273	0.433778	18.0	-0.0283779	0.979621	0.113703	19.0	0.0107969	1.02527	0.0569151	20.0	-0.120942	1.28387	1.2495	21.0	-0.477057	1.21123	0.654528	22.0	-0.454789	1.20302	0.735227	23.0	0.224687	1.12146	0.681159	24.0	0.195876	1.15064	0.755554
7.512	0.0	-0.115073	1.23701	0.711083	1.0	-0.125873	1.27817	1.01842	2.0	-0.127621	1.32949	1.31732	3.0	-0.157115	1.38052	1.46304	4.0	-0.276574	1.40104	1.18079	5.0	-0.386924	1.32336	0.945855	6.0	-0.453378	1.2709	0.765005	7.0	-0.464509	1.26125	0.716853	8.0	0.0295216	1.2518	1.22195	9.0	0.130181	1.15089	1.01738	10.0	0.21467	1.14378	0.818907	11.0	0.225462	1.15337	0.752765	12.0	-0.156944	1.29946	0.710713	13.0	-0.183359	1.43255	0.423987	14.0	-0.208734	1.48183	0.124019	15.0	-0.150723	1.5738	0.097645	16.0	-0.0260875	1.22753	0.721998	17.0	0.00134729	1.10682	0.435011	18.0	-0.0275136	0.98279	0.114494	19.0	0.0114134	1.02595	0.0569966	20.0	-0.128799	1.31495	1.2438	21.0	-0.467889	1.24829	0.649864	22.0	-0.456025	1.23392	0.723868	23.0	0.23603	1.15298	0.686242	24.0	0.197881	1.17813	0.749951
7.561	0.0	-0.11826	1.25698	0.705337	1.0	-0.134675	1.30629	1.01188	2.0	-0.142409	1.36588	1.30987	3.0	-0.168641	1.4098	1.45606	4.0	-0.285855	1.42743	1.17338	5.0	-0.393991	1.36056	0.933368	6.0	-0.453993	1.30403	0.741789	7.0	-0.466537	1.29355	0.698153	8.0	0.0189102	1.28877	1.21895	9.0	0.125311	1.1838	1.01561	10.0	0.210169	1.17425	0.82412	11.0	0.225175	1.18061	0.758774	12.0	-0.160047	1.31974	0.703519	13.0	-0.180603	1.45385	0.43517	14.0	-0.20867	1.4868	0.124824	15.0	-0.152502	1.57921	0.0977581	16.0	-0.0290014	1.24687	0.71789	17.0	-0.000621652	1.11739	0.432419	18.0	-0.0269191	0.986887	0.116681	19.0	0.0119321	1.02652	0.0583978	20.0	-0.142108	1.34934	1.23659	21.0	-0.473591	1.27908	0.634554	22.0	-0.448906	1.27951	0.721106	23.0	0.234886	1.17363	0.69106	24.0	0.186775	1.19516	0.776264
7.612	0.0	-0.125944	1.29272	0.702314	1.0	-0.148283	1.35328	1.0101	2.0	-0.160497	1.42321	1.30932	3.0	-0.191423	1.47372	1.45224	4.0	-0.300763	1.48248	1.16001	5.0	-0.402479	1.42618	0.913591	6.0	-0.452815	1.39958	0.711101	7.0	-0.461679	1.3858	0.663038	8.0	0.00351861	1.35112	1.21909	9.0	0.110058	1.24423	1.01914	10.0	0.200351	1.23819	0.831155	11.0	0.215533	1.24431	0.768921	12.0	-0.16749	1.35355	0.699262	13.0	-0.184334	1.48222	0.447372	14.0	-0.210195	1.49685	0.130079	15.0	-0.155092	1.5891	0.101954	16.0	-0.0362082	1.28385	0.716417	17.0	-0.00621583	1.14516	0.42427	18.0	-0.0262218	1.00152	0.122512	19.0	0.0132475	1.03009	0.0631591	20.0	-0.159214	1.40415	1.23575	21.0	-0.46087	1.38144	0.603346	22.0	-0.451593	1.35975	0.664353	23.0	0.225291	1.24088	0.700768	24.0	0.174176	1.25426	0.792027
7.663	0.0	-0.130928	1.31479	0.705509	1.0	-0.154806	1.37636	1.01376	2.0	-0.167834	1.44616	1.31312	3.0	-0.200541	1.50125	1.45428	4.0	-0.30723	1.50999	1.15959	5.0	-0.40611	1.46285	0.909239	6.0	-0.448991	1.45849	0.711038	7.0	-0.455126	1.44941	0.656296	8.0	-0.00314142	1.37564	1.22204	9.0	0.103653	1.27716	1.02833	10.0	0.195226	1.26767	0.83243	11.0	0.20716	1.27737	0.773079	12.0	-0.172084	1.37473	0.702521	13.0	-0.189363	1.4941	0.447371	14.0	-0.209479	1.50211	0.136186	15.0	-0.153682	1.59409	0.10807	16.0	-0.0411276	1.30633	0.71948	17.0	-0.00805686	1.16524	0.428568	18.0	-0.0241798	1.02124	0.133095	19.0	0.0150152	1.03529	0.0667164	20.0	-0.166413	1.42725	1.23954	21.0	-0.448565	1.4488	0.596323	22.0	-0.449536	1.42025	0.652188	23.0	0.21392	1.27187	0.70612	24.0	0.171207	1.28919	0.77675
7.714	0.0	-0.13825	1.34649	0.712539	1.0	-0.165276	1.4128	1.02157	2.0	-0.181159	1.48729	1.3215	3.0	-0.218732	1.54423	1.46028	4.0	-0.31338	1.54938	1.16388	5.0	-0.403692	1.53217	0.926011	6.0	-0.439798	1.57871	0.729305	7.0	-0.436625	1.59279	0.666838	8.0	-0.0152008	1.41786	1.2305	9.0	0.0951911	1.32272	1.03839	10.0	0.18612	1.34134	0.830869	11.0	0.192955	1.34897	0.78068	12.0	-0.178647	1.4073	0.708335	13.0	-0.197224	1.5067	0.447416	14.0	-0.209058	1.50261	0.132356	15.0	-0.153199	1.59432	0.103929	16.0	-0.0485331	1.33664	0.727569	17.0	-0.0180147	1.2109	0.437292	18.0	-0.0273116	1.03907	0.135766	19.0	0.0207553	1.05613	0.0728527	20.0	-0.179061	1.46724	1.24781	21.0	-0.425453	1.60032	0.606632	22.0	-0.44134	1.56069	0.66135	23.0	0.201838	1.35034	0.718522	24.0	0.145811	1.35087	0.75806
7.764	0.0	-0.141615	1.36489	0.716914	1.0	-0.169917	1.43013	1.02639	2.0	-0.186917	1.50363	1.32671	3.0	-0.22195	1.55494	1.46302	4.0	-0.318669	1.56766	1.16789	5.0	-0.400167	1.56762	0.940184	6.0	-0.424143	1.64187	0.748484	7.0	-0.424509	1.66225	0.671717	8.0	-0.0190893	1.43286	1.23509	9.0	0.0929516	1.34097	1.03836	10.0	0.178347	1.37023	0.842393	11.0	0.188578	1.38352	0.789506	12.0	-0.18122	1.42566	0.712517	13.0	-0.20065	1.51392	0.449072	14.0	-0.209561	1.50238	0.128003	15.0	-0.153234	1.59398	0.0998536	16.0	-0.0523228	1.35466	0.732056	17.0	-0.0221244	1.22849	0.437497	18.0	-0.0283277	1.06279	0.1369	19.0	0.0276028	1.08711	0.0759618	20.0	-0.184551	1.48382	1.25293	21.0	-0.423247	1.66912	0.617673	22.0	-0.446172	1.62309	0.652417	23.0	0.195761	1.38717	0.723972	24.0	0.146513	1.39236	0.797881
7.816	0.0	-0.144765	1.40012	0.726676	1.0	-0.175802	1.46021	1.03654	2.0	-0.195142	1.52866	1.33693	3.0	-0.228906	1.5823	1.47194	4.0	-0.322796	1.59742	1.17707	5.0	-0.390402	1.63116	0.977979	6.0	-0.409653	1.74076	0.801695	7.0	-0.406828	1.75233	0.763955	8.0	-0.0249959	1.45734	1.24492	9.0	0.0810872	1.37392	1.04927	10.0	0.171343	1.41712	0.863312	11.0	0.182742	1.44089	0.80487	12.0	-0.183197	1.4608	0.72244	13.0	-0.203714	1.51991	0.454249	14.0	-0.209914	1.50235	0.127934	15.0	-0.152516	1.59392	0.10057	16.0	-0.0559897	1.38936	0.741489	17.0	-0.019632	1.25423	0.425078	18.0	-0.033697	1.12529	0.134566	19.0	0.0262088	1.15756	0.074473	20.0	-0.192227	1.51011	1.26316	21.0	-0.388515	1.77583	0.671523	22.0	-0.416454	1.73212	0.747695	23.0	0.190349	1.45056	0.741101	24.0	0.148963	1.45957	0.800115
7.868	0.0	-0.145463	1.4148	0.729389	1.0	-0.177633	1.47307	1.04047	2.0	-0.198093	1.5397	1.34191	3.0	-0.229745	1.59156	1.47582	4.0	-0.323249	1.60895	1.17996	5.0	-0.387346	1.64822	0.988743	6.0	-0.402232	1.79098	0.83581	7.0	-0.405543	1.76301	0.82651	8.0	-0.0274558	1.46817	1.24955	9.0	0.0772416	1.38487	1.05232	10.0	0.16778	1.4332	0.867507	11.0	0.178871	1.46048	0.809726	12.0	-0.183531	1.47731	0.724736	13.0	-0.205643	1.52411	0.452583	14.0	-0.210424	1.50218	0.126106	15.0	-0.152761	1.59373	0.0990685	16.0	-0.056755	1.40209	0.744505	17.0	-0.0250862	1.28585	0.416803	18.0	-0.0290802	1.16339	0.133959	19.0	0.0243604	1.19861	0.0695067	20.0	-0.194898	1.52162	1.26789	21.0	-0.385921	1.78143	0.83087	22.0	-0.386511	1.77396	0.827494	23.0	0.188829	1.47199	0.748885	24.0	0.117368	1.42809	0.74214
