48.039	0.0	-0.0269728	-0.441978	0.891605	1.0	-0.0600982	-0.426651	1.18842	2.0	-0.0969891	-0.399922	1.48038	3.0	-0.0689487	-0.354529	1.59812	4.0	-0.236564	-0.377535	1.36351	5.0	-0.31774	-0.389035	1.16494	6.0	-0.324747	-0.268194	0.913896	7.0	-0.319263	-0.247143	0.835524	8.0	0.0736952	-0.418331	1.35628	9.0	0.144353	-0.507189	1.10147	10.0	0.1733	-0.47129	0.895351	11.0	0.182729	-0.462858	0.826025	12.0	-0.104175	-0.411041	0.892995	13.0	-0.190042	-0.298669	0.519811	14.0	-0.181896	-0.484322	0.154726	15.0	-0.136958	-0.442978	0.0890778	16.0	0.0238783	-0.408559	0.892602	17.0	0.0224128	-0.432463	0.489058	18.0	-0.0435057	-0.491656	0.145655	19.0	0.0182417	-0.425985	0.0791827	20.0	-0.0870221	-0.408702	1.40808	21.0	-0.327577	-0.227601	0.782439	22.0	-0.367954	-0.214896	0.876533	23.0	0.178543	-0.454806	0.765312	24.0	0.189391	-0.431052	0.825718
48.073	0.0	-0.0228615	-0.420863	0.889845	1.0	-0.0553751	-0.405836	1.18801	2.0	-0.0919224	-0.37985	1.48119	3.0	-0.0605964	-0.328426	1.60684	4.0	-0.234102	-0.360166	1.36538	5.0	-0.317107	-0.366422	1.15811	6.0	-0.322688	-0.269034	0.899235	7.0	-0.306124	-0.260363	0.826617	8.0	0.0796741	-0.398138	1.35343	9.0	0.148137	-0.486028	1.097	10.0	0.177604	-0.447542	0.890924	11.0	0.187566	-0.438068	0.827902	12.0	-0.100653	-0.386316	0.8916	13.0	-0.189955	-0.27485	0.508071	14.0	-0.176284	-0.422098	0.143794	15.0	-0.160914	-0.376941	0.0711675	16.0	0.0282555	-0.391041	0.890746	17.0	0.0301106	-0.424629	0.478598	18.0	-0.0211764	-0.488297	0.133469	19.0	0.0239921	-0.419062	0.0767901	20.0	-0.0820077	-0.388408	1.4086	21.0	-0.328165	-0.239577	0.766567	22.0	-0.365344	-0.232965	0.86345	23.0	0.187147	-0.429609	0.764605	24.0	0.19072	-0.407771	0.81916
48.107	0.0	-0.0260993	-0.403052	0.886676	1.0	-0.0555426	-0.386158	1.18522	2.0	-0.0888045	-0.357621	1.47872	3.0	-0.0552837	-0.316017	1.60259	4.0	-0.23108	-0.333001	1.36145	5.0	-0.316571	-0.353944	1.15514	6.0	-0.33033	-0.26367	0.89747	7.0	-0.317332	-0.261984	0.825197	8.0	0.0740018	-0.358399	1.34821	9.0	0.150419	-0.448272	1.0941	10.0	0.181846	-0.432833	0.885846	11.0	0.192918	-0.419226	0.823329	12.0	-0.10246	-0.3755	0.889646	13.0	-0.194357	-0.21834	0.518202	14.0	-0.164784	-0.350891	0.170122	15.0	-0.192801	-0.288862	0.0997238	16.0	0.0232348	-0.36486	0.8862	17.0	0.03326	-0.413767	0.482698	18.0	-0.0175411	-0.47292	0.132583	19.0	0.00484343	-0.387944	0.0748453	20.0	-0.0797378	-0.36688	1.40605	21.0	-0.345296	-0.243168	0.760467	22.0	-0.374547	-0.233821	0.855626	23.0	0.18993	-0.421189	0.757592	24.0	0.197631	-0.370126	0.841074
48.14	0.0	-0.0201546	-0.380352	0.88286	1.0	-0.0515342	-0.359408	1.18161	2.0	-0.0873549	-0.32723	1.47541	3.0	-0.0492834	-0.283062	1.60277	4.0	-0.22899	-0.310025	1.35975	5.0	-0.312191	-0.339373	1.1436	6.0	-0.339786	-0.262981	0.889898	7.0	-0.340325	-0.255511	0.817587	8.0	0.0807563	-0.348357	1.34708	9.0	0.155552	-0.433378	1.08964	10.0	0.191176	-0.39916	0.882933	11.0	0.197408	-0.401847	0.82783	12.0	-0.0963216	-0.347811	0.884692	13.0	-0.188408	-0.192218	0.527947	14.0	-0.170302	-0.25037	0.170023	15.0	-0.190156	-0.164478	0.086139	16.0	0.0287142	-0.348478	0.883717	17.0	0.0445603	-0.393431	0.495497	18.0	0.034013	-0.458494	0.154305	19.0	0.0503934	-0.387438	0.0736791	20.0	-0.0775779	-0.337352	1.40267	21.0	-0.348732	-0.269156	0.7412	22.0	-0.383818	-0.219845	0.826966	23.0	0.197823	-0.411706	0.757781	24.0	0.206496	-0.371792	0.825695
48.173	0.0	-0.0177211	-0.37078	0.882019	1.0	-0.0487733	-0.344703	1.18061	2.0	-0.0842379	-0.306561	1.47421	3.0	-0.046997	-0.270851	1.60029	4.0	-0.227606	-0.29449	1.35958	5.0	-0.311789	-0.326312	1.13669	6.0	-0.346614	-0.262803	0.880749	7.0	-0.358595	-0.259302	0.807083	8.0	0.0733082	-0.307842	1.35124	9.0	0.152952	-0.411239	1.10355	10.0	0.1912	-0.387595	0.894719	11.0	0.199889	-0.380527	0.820675	12.0	-0.0945545	-0.342283	0.884096	13.0	-0.181643	-0.155243	0.508242	14.0	-0.166645	-0.159863	0.153877	15.0	-0.193382	-0.0507926	0.0805039	16.0	0.0319546	-0.334032	0.882709	17.0	0.0459643	-0.387037	0.492189	18.0	0.0585363	-0.463369	0.180571	19.0	0.0494754	-0.386279	0.0818812	20.0	-0.07455	-0.318253	1.40153	21.0	-0.357324	-0.266416	0.740966	22.0	-0.391236	-0.232469	0.799763	23.0	0.203188	-0.384455	0.758762	24.0	0.209614	-0.334741	0.823255
48.208	0.0	-0.0149947	-0.342391	0.88403	1.0	-0.0469867	-0.313013	1.17984	2.0	-0.0834161	-0.272869	1.47041	3.0	-0.0448509	-0.234349	1.59303	4.0	-0.230031	-0.26621	1.3559	5.0	-0.318802	-0.293847	1.13855	6.0	-0.357025	-0.248401	0.87733	7.0	-0.367502	-0.242067	0.802997	8.0	0.0820298	-0.294694	1.35024	9.0	0.156869	-0.380855	1.0925	10.0	0.185669	-0.335373	0.885681	11.0	0.196456	-0.346123	0.83074	12.0	-0.0918348	-0.313769	0.887719	13.0	-0.177926	-0.141139	0.50427	14.0	-0.169398	-0.0810083	0.16378	15.0	-0.193627	0.0373578	0.0975102	16.0	0.0345269	-0.307391	0.883154	17.0	0.0576087	-0.344173	0.547923	18.0	0.0529854	-0.389325	0.136206	19.0	0.0479718	-0.269744	0.0981813	20.0	-0.0734797	-0.284939	1.3985	21.0	-0.363839	-0.25833	0.731274	22.0	-0.390716	-0.244878	0.793149	23.0	0.190869	-0.332135	0.752206	24.0	0.204952	-0.313912	0.817206
48.24	0.0	-0.0168203	-0.314857	0.878728	1.0	-0.0495309	-0.288594	1.1736	2.0	-0.0865316	-0.251022	1.46345	3.0	-0.0443237	-0.211711	1.59548	4.0	-0.230994	-0.234398	1.34646	5.0	-0.319394	-0.281635	1.12887	6.0	-0.361489	-0.23551	0.869498	7.0	-0.374365	-0.230544	0.793387	8.0	0.0854169	-0.259627	1.3297	9.0	0.160813	-0.37098	1.08331	10.0	0.186365	-0.318384	0.876954	11.0	0.1976	-0.326285	0.820158	12.0	-0.0968698	-0.279096	0.882879	13.0	-0.191873	-0.128597	0.567145	14.0	-0.173784	0.00844592	0.171463	15.0	-0.19602	0.129213	0.108132	16.0	0.0352036	-0.285368	0.87761	17.0	0.0583235	-0.341972	0.54746	18.0	0.0562059	-0.386643	0.135689	19.0	0.0835171	-0.336731	0.0545645	20.0	-0.0764588	-0.262506	1.3917	21.0	-0.369061	-0.246109	0.723686	22.0	-0.405056	-0.211722	0.784618	23.0	0.201974	-0.325668	0.750229	24.0	0.199918	-0.277729	0.831115
48.274	0.0	-0.0135785	-0.29093	0.874989	1.0	-0.0496731	-0.255787	1.16529	2.0	-0.0913301	-0.207777	1.44931	3.0	-0.0549633	-0.169161	1.59173	4.0	-0.23573	-0.207143	1.33868	5.0	-0.325018	-0.256247	1.11576	6.0	-0.368353	-0.217376	0.857753	7.0	-0.379583	-0.212207	0.78458	8.0	0.0870148	-0.237839	1.33475	9.0	0.163569	-0.322571	1.07647	10.0	0.191907	-0.307883	0.866324	11.0	0.196094	-0.294208	0.800293	12.0	-0.0915908	-0.263738	0.877502	13.0	-0.189421	-0.0749834	0.449301	14.0	-0.171884	0.0798249	0.139727	15.0	-0.192228	0.21289	0.10431	16.0	0.0356991	-0.251782	0.8764	17.0	0.0784211	-0.317493	0.551988	18.0	0.0714028	-0.354964	0.139257	19.0	0.00916571	-0.220297	0.138525	20.0	-0.0799656	-0.222004	1.37914	21.0	-0.371346	-0.236604	0.713126	22.0	-0.408038	-0.179544	0.780754	23.0	0.19226	-0.293334	0.741561	24.0	0.200716	-0.243414	0.82962
48.307	0.0	-0.0139947	-0.250475	0.868783	1.0	-0.0545982	-0.223576	1.15975	2.0	-0.0985241	-0.185127	1.44554	3.0	-0.0621958	-0.144612	1.58167	4.0	-0.242765	-0.173486	1.32628	5.0	-0.32721	-0.233281	1.09968	6.0	-0.374722	-0.196017	0.848432	7.0	-0.384487	-0.182444	0.769279	8.0	0.0785183	-0.192994	1.32642	9.0	0.158147	-0.281773	1.07084	10.0	0.185099	-0.253804	0.861166	11.0	0.197918	-0.264962	0.797063	12.0	-0.0915209	-0.220592	0.869249	13.0	-0.208056	-0.0737508	0.558512	14.0	-0.183133	0.0845827	0.170722	15.0	-0.194205	0.209471	0.112606	16.0	0.0355955	-0.217863	0.871709	17.0	0.0734077	-0.303679	0.553581	18.0	-0.0548408	-0.111366	0.201062	19.0	-0.110362	0.0207165	0.173672	20.0	-0.0868052	-0.196921	1.37485	21.0	-0.378954	-0.193701	0.696233	22.0	-0.418326	-0.152897	0.76708	23.0	0.191756	-0.267686	0.732189	24.0	0.212959	-0.238748	0.78971
48.341	0.0	-0.0238588	-0.215259	0.868511	1.0	-0.0641938	-0.182896	1.15612	2.0	-0.108691	-0.139099	1.43833	3.0	-0.0798384	-0.102798	1.57536	4.0	-0.249428	-0.146039	1.31829	5.0	-0.336267	-0.202723	1.09466	6.0	-0.385263	-0.162388	0.833763	7.0	-0.388705	-0.158062	0.761816	8.0	0.0770987	-0.168091	1.32676	9.0	0.157066	-0.262542	1.07372	10.0	0.194567	-0.216454	0.86478	11.0	0.19548	-0.226485	0.795445	12.0	-0.10701	-0.185227	0.864425	13.0	-0.163159	0.0088484	0.437606	14.0	-0.16436	0.119272	0.144777	15.0	-0.193398	0.232145	0.0888692	16.0	0.0307304	-0.179343	0.875806	17.0	0.0756061	-0.26983	0.560792	18.0	-0.0460294	-0.0946782	0.197596	19.0	-0.103652	0.0352683	0.166885	20.0	-0.0967583	-0.152078	1.36851	21.0	-0.386047	-0.172087	0.697922	22.0	-0.415955	-0.125655	0.786021	23.0	0.19172	-0.243217	0.722848	24.0	0.205032	-0.187168	0.803386
48.373	0.0	-0.0292145	-0.187995	0.85784	1.0	-0.0703641	-0.158016	1.14789	2.0	-0.115624	-0.116913	1.43267	3.0	-0.0899546	-0.0735076	1.56064	4.0	-0.260652	-0.113055	1.30724	5.0	-0.34013	-0.179825	1.0686	6.0	-0.392165	-0.130145	0.833724	7.0	-0.394146	-0.12329	0.747736	8.0	0.064831	-0.122576	1.32258	9.0	0.149543	-0.212856	1.07943	10.0	0.183245	-0.187152	0.870185	11.0	0.193507	-0.186834	0.821382	12.0	-0.111979	-0.162122	0.858491	13.0	-0.168306	0.0454745	0.434318	14.0	-0.163969	0.121319	0.134768	15.0	-0.192829	0.22951	0.0853705	16.0	0.0256263	-0.150458	0.860419	17.0	0.0795798	-0.247209	0.550148	18.0	-0.0397496	-0.0779907	0.183568	19.0	-0.101452	0.0507015	0.154778	20.0	-0.103489	-0.129298	1.36223	21.0	-0.387313	-0.12661	0.682079	22.0	-0.42368	-0.115159	0.738747	23.0	0.207948	-0.198198	0.745544	24.0	0.195999	-0.142764	0.825266
48.407	0.0	-0.0347527	-0.15502	0.853573	1.0	-0.077497	-0.120473	1.14173	2.0	-0.124724	-0.0745727	1.42466	3.0	-0.101012	-0.0461343	1.55634	4.0	-0.269981	-0.0850229	1.30265	5.0	-0.345589	-0.15386	1.06211	6.0	-0.39146	-0.107162	0.823962	7.0	-0.395066	-0.0920769	0.738827	8.0	0.0587112	-0.0929877	1.32381	9.0	0.147193	-0.179456	1.06966	10.0	0.18797	-0.135105	0.8641	11.0	0.188423	-0.142946	0.801527	12.0	-0.11696	-0.129472	0.854449	13.0	-0.176921	0.0814182	0.440363	14.0	-0.163838	0.122176	0.135689	15.0	-0.191037	0.232855	0.081812	16.0	0.0192408	-0.116538	0.856139	17.0	0.0753024	-0.223045	0.550836	18.0	-0.0439311	-0.0587124	0.182106	19.0	-0.107932	0.0670114	0.148866	20.0	-0.112076	-0.0881096	1.35465	21.0	-0.387181	-0.103246	0.67378	22.0	-0.421643	-0.0566166	0.748899	23.0	0.19347	-0.150813	0.739506	24.0	0.193864	-0.0947086	0.823252
48.44	0.0	-0.0469275	-0.112986	0.852815	1.0	-0.08888	-0.0852974	1.13903	2.0	-0.135121	-0.0459792	1.42056	3.0	-0.123177	0.00317982	1.55518	4.0	-0.280152	-0.0529813	1.30207	5.0	-0.355641	-0.103491	1.05531	6.0	-0.395153	-0.0603657	0.801202	7.0	-0.397117	-0.0519975	0.728619	8.0	0.0474841	-0.0442345	1.32222	9.0	0.133994	-0.13266	1.08357	10.0	0.183195	-0.110655	0.877082	11.0	0.185551	-0.102731	0.818994	12.0	-0.128563	-0.092612	0.854114	13.0	-0.176985	0.10905	0.433534	14.0	-0.164765	0.128864	0.127538	15.0	-0.191124	0.233234	0.0815667	16.0	0.00653128	-0.0695436	0.855047	17.0	0.0737	-0.18969	0.559558	18.0	-0.0522062	-0.0281827	0.191742	19.0	-0.11675	0.0934175	0.150501	20.0	-0.122723	-0.0579548	1.35087	21.0	-0.380023	-0.0652943	0.660766	22.0	-0.413836	-0.0184404	0.724521	23.0	0.188921	-0.106962	0.74427	24.0	0.202086	-0.0654351	0.802274
48.474	0.0	-0.0518039	-0.0958378	0.859682	1.0	-0.0944104	-0.0687118	1.14542	2.0	-0.141186	-0.0305569	1.42614	3.0	-0.126236	0.0106648	1.55742	4.0	-0.286014	-0.0367942	1.30401	5.0	-0.353563	-0.095563	1.05394	6.0	-0.39056	-0.0295183	0.793496	7.0	-0.395275	-0.0196425	0.734329	8.0	0.0426115	-0.0285226	1.334	9.0	0.13527	-0.119717	1.08913	10.0	0.177983	-0.0620935	0.886146	11.0	0.180408	-0.0595234	0.819719	12.0	-0.134391	-0.0737111	0.860457	13.0	-0.178451	0.118542	0.438056	14.0	-0.164062	0.132928	0.132072	15.0	-0.190719	0.234063	0.0812394	16.0	0.00245167	-0.0541156	0.862299	17.0	0.060989	-0.158884	0.556698	18.0	-0.0655375	-0.00289523	0.18683	19.0	-0.129234	0.117401	0.142552	20.0	-0.128679	-0.0421613	1.35668	21.0	-0.387145	-0.0262519	0.663711	22.0	-0.428803	-0.00745465	0.733762	23.0	0.181719	-0.0581519	0.7751	24.0	0.190496	-0.0228723	0.823588
48.508	0.0	-0.0545601	-0.0677129	0.864432	1.0	-0.102308	-0.0312929	1.1507	2.0	-0.155652	0.0175189	1.43179	3.0	-0.13855	0.0457172	1.56416	4.0	-0.299376	0.00421854	1.30845	5.0	-0.354442	-0.0488893	1.05987	6.0	-0.393184	0.0105747	0.817188	7.0	-0.391309	0.0209724	0.741869	8.0	0.0327777	0.00754159	1.34675	9.0	0.12906	-0.0624899	1.1108	10.0	0.164118	-0.0101607	0.903039	11.0	0.170701	-6.70864e-05	0.831456	12.0	-0.135163	-0.0472059	0.863879	13.0	-0.181541	0.126542	0.445026	14.0	-0.164007	0.138187	0.139217	15.0	-0.190151	0.237129	0.0801195	16.0	-0.0025589	-0.0244566	0.868458	17.0	0.0549908	-0.117842	0.557932	18.0	-0.080581	0.0320074	0.188735	19.0	-0.143842	0.147423	0.136519	20.0	-0.141448	0.0034229	1.36229	21.0	-0.378213	0.0103605	0.674452	22.0	-0.416485	0.0162897	0.728078	23.0	0.176975	-0.00470803	0.762467	24.0	0.18267	0.0358489	0.828647
48.541	0.0	-0.060873	-0.052147	0.869339	1.0	-0.107559	-0.0184448	1.15401	2.0	-0.159081	0.0266273	1.43365	3.0	-0.146914	0.0705778	1.57078	4.0	-0.305652	0.0189406	1.31698	5.0	-0.355679	-0.0254386	1.07994	6.0	-0.387943	0.0344659	0.822995	7.0	-0.385645	0.0566857	0.753155	8.0	0.0304415	0.0214725	1.35134	9.0	0.125958	-0.0545822	1.11457	10.0	0.162376	0.0222075	0.90561	11.0	0.168514	0.0375253	0.848525	12.0	-0.140983	-0.0299493	0.869827	13.0	-0.183086	0.128446	0.443199	14.0	-0.164766	0.138244	0.137459	15.0	-0.187361	0.234633	0.0791105	16.0	-0.00919942	-0.0106135	0.872271	17.0	0.0492915	-0.102011	0.557031	18.0	-0.0857861	0.0418344	0.185415	19.0	-0.148031	0.156674	0.131653	20.0	-0.145289	0.0132581	1.36445	21.0	-0.360537	0.039433	0.677732	22.0	-0.411351	0.0761356	0.726385	23.0	0.177803	0.023157	0.773527	24.0	0.172847	0.0909963	0.854658
48.574	0.0	-0.0682495	-0.0232706	0.875571	1.0	-0.117854	0.0196021	1.16353	2.0	-0.172008	0.073872	1.44662	3.0	-0.15481	0.11364	1.5752	4.0	-0.317998	0.0673876	1.32463	5.0	-0.351266	0.0043383	1.07555	6.0	-0.388392	0.0933751	0.829686	7.0	-0.382615	0.106971	0.757072	8.0	0.0205448	0.0657294	1.36512	9.0	0.114151	-0.00785907	1.13772	10.0	0.155778	0.0838274	0.907836	11.0	0.159037	0.091299	0.85997	12.0	-0.149704	0.00104563	0.874056	13.0	-0.197304	0.145196	0.495504	14.0	-0.16623	0.138122	0.143534	15.0	-0.187434	0.234475	0.0791406	16.0	-0.0154249	0.0161855	0.880222	17.0	0.0404578	-0.0582807	0.556002	18.0	-0.0942684	0.0628334	0.176761	19.0	-0.156303	0.176087	0.120873	20.0	-0.157729	0.0585924	1.37668	21.0	-0.377556	0.101455	0.696519	22.0	-0.41843	0.136698	0.759727	23.0	0.163648	0.0859169	0.788773	24.0	0.173264	0.135688	0.85528
48.608	0.0	-0.0714832	-0.0129518	0.879561	1.0	-0.118796	0.0255439	1.16698	2.0	-0.171491	0.076733	1.44939	3.0	-0.156358	0.118263	1.57944	4.0	-0.317713	0.0735333	1.32806	5.0	-0.354695	0.0305026	1.10399	6.0	-0.383482	0.108669	0.837366	7.0	-0.374347	0.137967	0.767946	8.0	0.0196262	0.067743	1.36729	9.0	0.115149	-0.00135371	1.13892	10.0	0.156737	0.0951058	0.915522	11.0	0.158736	0.116258	0.875373	12.0	-0.152647	0.0131926	0.879067	13.0	-0.197819	0.144223	0.498353	14.0	-0.170236	0.128203	0.15342	15.0	-0.189482	0.226555	0.0823375	16.0	-0.0188516	0.0247336	0.883273	17.0	0.0367995	-0.0524385	0.547098	18.0	-0.0983509	0.065933	0.167224	19.0	-0.160083	0.181454	0.114288	20.0	-0.157482	0.0619022	1.3795	21.0	-0.361325	0.133154	0.707526	22.0	-0.403382	0.176827	0.769162	23.0	0.164492	0.112859	0.809486	24.0	0.165077	0.168206	0.882494
48.641	0.0	-0.0688953	0.00785106	0.885626	1.0	-0.121401	0.0497779	1.17492	2.0	-0.179215	0.103098	1.45903	3.0	-0.164463	0.151945	1.58931	4.0	-0.325878	0.108332	1.33456	5.0	-0.36699	0.0711066	1.10631	6.0	-0.378146	0.166373	0.848129	7.0	-0.380031	0.188276	0.780023	8.0	0.0138092	0.0910378	1.37605	9.0	0.113916	0.0243781	1.1506	10.0	0.151983	0.150197	0.930317	11.0	0.151737	0.155821	0.890316	12.0	-0.148703	0.0333681	0.884399	13.0	-0.202626	0.142218	0.506419	14.0	-0.171433	0.126187	0.15731	15.0	-0.190213	0.226127	0.0818904	16.0	-0.0178886	0.0459099	0.889938	17.0	0.0308996	-0.0176538	0.55185	18.0	-0.104714	0.0780008	0.166301	19.0	-0.154345	0.201215	0.116382	20.0	-0.163857	0.0876334	1.38872	21.0	-0.373771	0.1835	0.716828	22.0	-0.409539	0.208824	0.755728	23.0	0.153214	0.154722	0.822024	24.0	0.155363	0.209204	0.892293
48.674	0.0	-0.0688448	0.0233854	0.889098	1.0	-0.123212	0.0641944	1.17938	2.0	-0.182256	0.116265	1.4643	3.0	-0.166596	0.159954	1.59345	4.0	-0.324326	0.123218	1.33696	5.0	-0.37903	0.100656	1.11664	6.0	-0.386379	0.200261	0.869264	7.0	-0.381175	0.231094	0.790131	8.0	0.0115426	0.103673	1.38116	9.0	0.109328	0.0468019	1.15895	10.0	0.150842	0.159694	0.932948	11.0	0.148978	0.17598	0.89518	12.0	-0.148546	0.0517197	0.888511	13.0	-0.201337	0.141225	0.511109	14.0	-0.170992	0.125311	0.159478	15.0	-0.190495	0.225968	0.0816373	16.0	-0.0180278	0.0587881	0.89276	17.0	0.0239537	0.00408551	0.536772	18.0	-0.131843	0.0912982	0.156863	19.0	-0.177115	0.211271	0.0998855	20.0	-0.166644	0.101178	1.39384	21.0	-0.35646	0.223602	0.72148	22.0	-0.405313	0.276501	0.786809	23.0	0.149969	0.169453	0.840985	24.0	0.147834	0.217884	0.92137
48.707	0.0	-0.06918	0.042799	0.893387	1.0	-0.126936	0.0860833	1.18312	2.0	-0.189574	0.140931	1.46738	3.0	-0.174392	0.193001	1.59297	4.0	-0.327068	0.146975	1.33983	5.0	-0.388533	0.139088	1.12193	6.0	-0.38318	0.227906	0.873666	7.0	-0.386878	0.279461	0.797075	8.0	0.0122361	0.110886	1.38387	9.0	0.107726	0.0501856	1.16326	10.0	0.146355	0.177833	0.989962	11.0	0.142591	0.199272	0.914829	12.0	-0.148985	0.0756403	0.893091	13.0	-0.200682	0.140835	0.511507	14.0	-0.171572	0.123745	0.163047	15.0	-0.190713	0.226188	0.0814198	16.0	-0.0184095	0.0738812	0.8966	17.0	0.0174673	0.0242826	0.499514	18.0	-0.145477	0.100918	0.120591	19.0	-0.1829	0.233078	0.0807862	20.0	-0.173033	0.125114	1.39711	21.0	-0.372886	0.28117	0.736838	22.0	-0.406228	0.318473	0.810859	23.0	0.151112	0.203398	0.857186	24.0	0.138935	0.242386	0.935406
48.741	0.0	-0.0659959	0.0658097	0.897817	1.0	-0.125017	0.104653	1.18567	2.0	-0.188397	0.155131	1.46839	3.0	-0.175484	0.20485	1.59646	4.0	-0.328392	0.169877	1.34787	5.0	-0.395469	0.171509	1.13169	6.0	-0.383151	0.280119	0.88455	7.0	-0.388801	0.329531	0.809933	8.0	0.00147528	0.142562	1.39948	9.0	0.105174	0.0738313	1.16652	10.0	0.146171	0.187718	0.985271	11.0	0.134204	0.220912	0.923118	12.0	-0.145472	0.0970565	0.895341	13.0	-0.199288	0.143877	0.507372	14.0	-0.171856	0.123696	0.163002	15.0	-0.19116	0.227894	0.0827018	16.0	-0.0158485	0.0979965	0.903281	17.0	0.0100977	0.0575422	0.498218	18.0	-0.00220265	-0.028075	0.137223	19.0	0.0516123	0.00229504	0.0890241	20.0	-0.171711	0.140389	1.39847	21.0	-0.368015	0.327943	0.745212	22.0	-0.420779	0.353215	0.79454	23.0	0.138787	0.22584	0.87069	24.0	0.128687	0.258589	0.952624
48.774	0.0	-0.0646901	0.0806277	0.898015	1.0	-0.126606	0.12136	1.18626	2.0	-0.19321	0.173673	1.46921	3.0	-0.176054	0.224076	1.59277	4.0	-0.331561	0.19209	1.34452	5.0	-0.395399	0.188138	1.13704	6.0	-0.396841	0.338408	0.887382	7.0	-0.390367	0.377155	0.820338	8.0	0.000330693	0.151467	1.39838	9.0	0.103491	0.0814924	1.17163	10.0	0.144942	0.192057	0.988878	11.0	0.133916	0.226751	0.927638	12.0	-0.143798	0.113093	0.894425	13.0	-0.191865	0.144541	0.501347	14.0	-0.171585	0.12364	0.162953	15.0	-0.191486	0.229291	0.0837731	16.0	-0.0149863	0.11162	0.904452	17.0	0.00820329	0.0825147	0.48967	18.0	-0.0136672	0.0175647	0.123862	19.0	0.0456287	0.0655974	0.087103	20.0	-0.175691	0.158497	1.39925	21.0	-0.37776	0.389491	0.765188	22.0	-0.420992	0.40522	0.812507	23.0	0.137417	0.238446	0.876079	24.0	0.126019	0.277735	0.946425
48.808	0.0	-0.0596623	0.095765	0.897652	1.0	-0.123591	0.134972	1.18611	2.0	-0.191783	0.185558	1.46915	3.0	-0.177918	0.231968	1.5956	4.0	-0.329845	0.205005	1.34592	5.0	-0.400875	0.215365	1.14053	6.0	-0.395328	0.348562	0.910168	7.0	-0.38706	0.410368	0.830199	8.0	-0.000133082	0.16072	1.39897	9.0	0.103057	0.0848579	1.17224	10.0	0.143033	0.197618	0.990661	11.0	0.137549	0.226627	0.930803	12.0	-0.138347	0.128956	0.891419	13.0	-0.191089	0.144899	0.497707	14.0	-0.171187	0.12338	0.163084	15.0	-0.191746	0.229208	0.0841017	16.0	-0.0104677	0.126218	0.906633	17.0	0.0059598	0.109674	0.480792	18.0	-0.0138714	0.0529511	0.123337	19.0	0.0569371	0.119274	0.0754837	20.0	-0.173907	0.170822	1.39918	21.0	-0.366992	0.420118	0.772928	22.0	-0.395446	0.454071	0.830875	23.0	0.134654	0.239424	0.880535	24.0	0.145897	0.266483	0.94684
48.841	0.0	-0.0588116	0.114405	0.900106	1.0	-0.126204	0.157334	1.18952	2.0	-0.198569	0.212109	1.4736	3.0	-0.177784	0.251716	1.59643	4.0	-0.330104	0.222418	1.34748	5.0	-0.397631	0.234683	1.14122	6.0	-0.401693	0.393644	0.926915	7.0	-0.383231	0.451308	0.837803	8.0	-0.00074249	0.174086	1.40157	9.0	0.102144	0.100846	1.1685	10.0	0.142689	0.203807	0.982142	11.0	0.133401	0.237415	0.923164	12.0	-0.137933	0.149285	0.892852	13.0	-0.189557	0.145727	0.498093	14.0	-0.168977	0.124892	0.159041	15.0	-0.1841	0.22841	0.0790284	16.0	-0.00945913	0.142847	0.910046	17.0	0.00664781	0.142023	0.474562	18.0	-0.00432961	0.107499	0.1163	19.0	0.0459243	0.174615	0.0798784	20.0	-0.17958	0.19629	1.40337	21.0	-0.36531	0.472096	0.792675	22.0	-0.373517	0.48111	0.845973	23.0	0.132864	0.256545	0.864851	24.0	0.132039	0.277071	0.951853
48.874	0.0	-0.0552827	0.12695	0.900932	1.0	-0.123423	0.165075	1.18983	2.0	-0.196324	0.215969	1.4735	3.0	-0.177818	0.26244	1.59572	4.0	-0.327173	0.235198	1.34886	5.0	-0.3899	0.253904	1.14141	6.0	-0.398062	0.402299	0.929306	7.0	-0.376061	0.476251	0.846594	8.0	0.000590584	0.183468	1.40341	9.0	0.102661	0.105833	1.16762	10.0	0.14206	0.206163	0.97993	11.0	0.140369	0.222784	0.916206	12.0	-0.133997	0.161031	0.892471	13.0	-0.189503	0.145841	0.498065	14.0	-0.168189	0.126801	0.155519	15.0	-0.182012	0.226997	0.0794102	16.0	-0.00651088	0.156211	0.912239	17.0	0.011821	0.170605	0.48365	18.0	-0.00427759	0.128555	0.130608	19.0	0.0212448	0.214517	0.0889136	20.0	-0.177217	0.201002	1.40336	21.0	-0.359331	0.498493	0.800226	22.0	-0.366362	0.512311	0.844709	23.0	0.144429	0.225552	0.858346	24.0	0.151348	0.258515	0.935812
48.907	0.0	-0.0541895	0.146192	0.899905	1.0	-0.120033	0.184933	1.19087	2.0	-0.190412	0.234949	1.47636	3.0	-0.17716	0.291807	1.59451	4.0	-0.325744	0.253656	1.34893	5.0	-0.388997	0.282839	1.14219	6.0	-0.398494	0.419445	0.97102	7.0	-0.377097	0.498681	0.875469	8.0	-0.00341178	0.205059	1.40545	9.0	0.103165	0.118898	1.16228	10.0	0.139442	0.212388	0.970898	11.0	0.135676	0.228626	0.918932	12.0	-0.134077	0.181944	0.890163	13.0	-0.191234	0.156347	0.51217	14.0	-0.168004	0.12776	0.156211	15.0	-0.181243	0.227466	0.0796075	16.0	-0.00451931	0.173717	0.912424	17.0	0.0117162	0.208759	0.503138	18.0	-0.00445019	0.174848	0.141506	19.0	0.0184477	0.248963	0.0857707	20.0	-0.171948	0.220364	1.4058	21.0	-0.366488	0.540249	0.828947	22.0	-0.34747	0.531587	0.849063	23.0	0.141245	0.22718	0.844892	24.0	0.138178	0.239889	0.926051
48.941	0.0	-0.0541071	0.162164	0.90032	1.0	-0.119768	0.198416	1.19018	2.0	-0.189901	0.246131	1.47468	3.0	-0.174224	0.295666	1.5962	4.0	-0.320311	0.270709	1.34903	5.0	-0.384758	0.294443	1.14239	6.0	-0.396116	0.430252	0.970813	7.0	-0.369451	0.520879	0.88106	8.0	-0.000638837	0.214096	1.40633	9.0	0.102792	0.127294	1.15931	10.0	0.138341	0.215723	0.965732	11.0	0.136572	0.228646	0.915996	12.0	-0.133646	0.195932	0.889412	13.0	-0.190534	0.160556	0.511612	14.0	-0.167724	0.130031	0.155314	15.0	-0.180034	0.228215	0.0797344	16.0	-0.00491681	0.191677	0.914231	17.0	0.00656669	0.221262	0.496805	18.0	-0.00300161	0.217306	0.141807	19.0	0.0135771	0.313465	0.0877758	20.0	-0.171508	0.232106	1.40435	21.0	-0.355451	0.564083	0.830623	22.0	-0.34157	0.549633	0.865954	23.0	0.143458	0.237198	0.846708	24.0	0.146797	0.249436	0.905259
48.974	0.0	-0.0546964	0.177865	0.900152	1.0	-0.1181	0.211968	1.18998	2.0	-0.186197	0.257764	1.47429	3.0	-0.170216	0.307195	1.59515	4.0	-0.318673	0.283405	1.34856	5.0	-0.385534	0.311888	1.14292	6.0	-0.377493	0.474757	0.956983	7.0	-0.353681	0.549959	0.863442	8.0	0.00386826	0.22866	1.4039	9.0	0.103731	0.14268	1.15504	10.0	0.141885	0.222508	0.922271	11.0	0.137029	0.221325	0.884136	12.0	-0.135531	0.211378	0.889117	13.0	-0.190295	0.164808	0.510347	14.0	-0.166359	0.132668	0.155138	15.0	-0.179464	0.228869	0.0798881	16.0	-0.0042717	0.207466	0.914147	17.0	0.00777711	0.255798	0.498023	18.0	0.00385489	0.242538	0.143427	19.0	0.00318543	0.325067	0.086904	20.0	-0.168302	0.244195	1.40402	21.0	-0.337677	0.574267	0.816398	22.0	-0.351272	0.590078	0.869379	23.0	0.141981	0.21542	0.835687	24.0	0.155631	0.238827	0.862815
49.008	0.0	-0.0495549	0.197168	0.900964	1.0	-0.113003	0.228303	1.19178	2.0	-0.181087	0.270956	1.47678	3.0	-0.163954	0.325723	1.60166	4.0	-0.311279	0.298757	1.34715	5.0	-0.383724	0.332098	1.14374	6.0	-0.362965	0.512489	0.932785	7.0	-0.346011	0.56972	0.863723	8.0	0.00716344	0.238001	1.40307	9.0	0.106207	0.151518	1.15423	10.0	0.141835	0.22268	0.922696	11.0	0.144111	0.222531	0.878946	12.0	-0.130531	0.230972	0.889058	13.0	-0.188457	0.170123	0.508292	14.0	-0.163902	0.13622	0.161743	15.0	-0.175381	0.231337	0.0800165	16.0	0.00078645	0.226337	0.91578	17.0	0.00742492	0.268472	0.501438	18.0	0.00225495	0.25462	0.143381	19.0	0.00473556	0.335081	0.0861999	20.0	-0.163193	0.258187	1.40637	21.0	-0.327075	0.590678	0.818451	22.0	-0.359185	0.607972	0.867471	23.0	0.146974	0.216385	0.814879	24.0	0.160453	0.245284	0.874011
49.04	0.0	-0.0491107	0.209864	0.902153	1.0	-0.110261	0.242008	1.19214	2.0	-0.17568	0.285712	1.47629	3.0	-0.160088	0.334969	1.6009	4.0	-0.307801	0.308715	1.34962	5.0	-0.382053	0.343102	1.14696	6.0	-0.360362	0.516589	0.932179	7.0	-0.335481	0.573672	0.865577	8.0	0.0125518	0.252997	1.40285	9.0	0.107809	0.161665	1.15459	10.0	0.14372	0.222359	0.923693	11.0	0.150579	0.221927	0.877166	12.0	-0.130473	0.243266	0.89074	13.0	-0.186091	0.17967	0.498169	14.0	-0.163232	0.136861	0.160338	15.0	-0.174485	0.23125	0.0799829	16.0	0.00151837	0.239405	0.91645	17.0	0.00836546	0.291716	0.505372	18.0	0.00692594	0.290643	0.147352	19.0	-0.000200415	0.35641	0.0796914	20.0	-0.158489	0.272689	1.40609	21.0	-0.312964	0.594276	0.815782	22.0	-0.355543	0.593007	0.844424	23.0	0.152174	0.221074	0.813943	24.0	0.159703	0.2494	0.891482
49.074	0.0	-0.0520763	0.234698	0.899501	1.0	-0.109213	0.261741	1.19121	2.0	-0.171605	0.301095	1.47675	3.0	-0.154257	0.343566	1.59887	4.0	-0.300723	0.323653	1.3489	5.0	-0.373397	0.34806	1.14505	6.0	-0.355177	0.522974	0.932042	7.0	-0.328193	0.579956	0.865201	8.0	0.0193753	0.266501	1.39673	9.0	0.116341	0.172954	1.15037	10.0	0.160525	0.232923	0.887371	11.0	0.160148	0.22915	0.858762	12.0	-0.135692	0.271764	0.889086	13.0	-0.184664	0.192331	0.4962	14.0	-0.162538	0.138633	0.15829	15.0	-0.174797	0.232838	0.0806274	16.0	0.000366845	0.260869	0.913022	17.0	0.00803218	0.307983	0.507532	18.0	0.00432661	0.294799	0.150515	19.0	-0.000844347	0.359769	0.0828408	20.0	-0.155091	0.289084	1.40623	21.0	-0.308746	0.597538	0.81872	22.0	-0.34763	0.618428	0.85961	23.0	0.157249	0.231888	0.809419	24.0	0.162126	0.25974	0.874676
49.108	0.0	-0.0490445	0.253377	0.897383	1.0	-0.103179	0.277373	1.19109	2.0	-0.162274	0.313794	1.47858	3.0	-0.139039	0.364674	1.60081	4.0	-0.29511	0.339825	1.35175	5.0	-0.363769	0.358886	1.14644	6.0	-0.352157	0.525503	0.932271	7.0	-0.326165	0.585582	0.861601	8.0	0.027676	0.287432	1.39172	9.0	0.122199	0.194723	1.14401	10.0	0.164887	0.232762	0.901511	11.0	0.172424	0.231102	0.866224	12.0	-0.132807	0.287176	0.887724	13.0	-0.183961	0.2065	0.492589	14.0	-0.162326	0.140487	0.157869	15.0	-0.174605	0.235159	0.0810295	16.0	0.00345299	0.282585	0.910032	17.0	0.00851477	0.322502	0.511072	18.0	0.00294695	0.29983	0.151078	19.0	0.0224046	0.36574	0.0781007	20.0	-0.146632	0.302497	1.40757	21.0	-0.302383	0.602202	0.8102	22.0	-0.333718	0.629559	0.8608	23.0	0.174162	0.22674	0.815796	24.0	0.172871	0.254558	0.875247
49.141	0.0	-0.0432911	0.275251	0.89771	1.0	-0.0953689	0.297092	1.19248	2.0	-0.152476	0.330409	1.48111	3.0	-0.130209	0.375633	1.6027	4.0	-0.290586	0.351841	1.35157	5.0	-0.359759	0.367405	1.14618	6.0	-0.340039	0.505851	0.955656	7.0	-0.325088	0.582072	0.863912	8.0	0.036286	0.29788	1.39276	9.0	0.12463	0.223899	1.13484	10.0	0.164515	0.2415	0.910016	11.0	0.178821	0.2444	0.86788	12.0	-0.126432	0.309167	0.888913	13.0	-0.182148	0.236084	0.494839	14.0	-0.161778	0.142276	0.157016	15.0	-0.17459	0.235229	0.0808838	16.0	0.00840378	0.30399	0.909547	17.0	0.0118184	0.332279	0.508093	18.0	0.00347422	0.304912	0.150023	19.0	0.0102232	0.364807	0.0773324	20.0	-0.137283	0.319986	1.40982	21.0	-0.308075	0.606927	0.81525	22.0	-0.314054	0.619504	0.862455	23.0	0.180546	0.240116	0.808896	24.0	0.181249	0.271279	0.864207
49.173	0.0	-0.0419206	0.287722	0.896426	1.0	-0.0909713	0.306023	1.19253	2.0	-0.144564	0.33722	1.48244	3.0	-0.120974	0.382632	1.60286	4.0	-0.281175	0.362495	1.35475	5.0	-0.353809	0.378112	1.15038	6.0	-0.341315	0.521569	0.938699	7.0	-0.319803	0.573729	0.852075	8.0	0.0441544	0.312103	1.39128	9.0	0.137985	0.224955	1.14058	10.0	0.173505	0.252753	0.923449	11.0	0.189861	0.256696	0.880177	12.0	-0.123835	0.32219	0.889384	13.0	-0.18083	0.255133	0.492189	14.0	-0.162726	0.148714	0.156768	15.0	-0.177233	0.240109	0.0823267	16.0	0.0085097	0.316216	0.906554	17.0	0.016395	0.344803	0.503965	18.0	0.00271656	0.306366	0.149123	19.0	0.0136313	0.362861	0.0752078	20.0	-0.130383	0.327247	1.4108	21.0	-0.300504	0.590205	0.80068	22.0	-0.303571	0.606945	0.849685	23.0	0.197159	0.255342	0.821214	24.0	0.197076	0.281802	0.869948
49.207	0.0	-0.0304157	0.326378	0.895528	1.0	-0.0788346	0.338401	1.19357	2.0	-0.132636	0.361569	1.48511	3.0	-0.105695	0.40388	1.60388	4.0	-0.268547	0.387191	1.3579	5.0	-0.346168	0.394596	1.15525	6.0	-0.340162	0.532363	0.919637	7.0	-0.324478	0.575237	0.844944	8.0	0.0548065	0.333018	1.3935	9.0	0.143979	0.241808	1.14259	10.0	0.175102	0.283919	0.923103	11.0	0.188123	0.287437	0.865844	12.0	-0.111451	0.363428	0.891135	13.0	-0.178739	0.30944	0.481433	14.0	-0.165103	0.165291	0.154076	15.0	-0.182507	0.243023	0.0848019	16.0	0.0185952	0.351723	0.90324	17.0	0.0193082	0.354895	0.501955	18.0	0.00105345	0.309274	0.14816	19.0	0.0173656	0.365082	0.0749184	20.0	-0.11824	0.353684	1.41313	21.0	-0.305037	0.584805	0.792491	22.0	-0.341702	0.618397	0.853582	23.0	0.18934	0.279335	0.797055	24.0	0.203375	0.297765	0.823084
49.241	0.0	-0.0255579	0.332822	0.896619	1.0	-0.0713384	0.346629	1.19574	2.0	-0.121393	0.371948	1.48891	3.0	-0.0913155	0.41417	1.61011	4.0	-0.262683	0.394304	1.35942	5.0	-0.341806	0.400782	1.15728	6.0	-0.339011	0.531672	0.917597	7.0	-0.329979	0.563695	0.839238	8.0	0.0674953	0.346587	1.38891	9.0	0.154034	0.258199	1.13575	10.0	0.199081	0.286682	0.930001	11.0	0.197131	0.2973	0.873704	12.0	-0.107015	0.369767	0.89338	13.0	-0.185531	0.357369	0.483111	14.0	-0.169538	0.189341	0.152967	15.0	-0.181795	0.261727	0.0828157	16.0	0.0238242	0.358369	0.903073	17.0	0.0209933	0.357159	0.501125	18.0	0.000930235	0.309138	0.148257	19.0	0.0314547	0.347271	0.0730236	20.0	-0.108021	0.363534	1.41647	21.0	-0.305761	0.56752	0.780945	22.0	-0.347602	0.609587	0.838214	23.0	0.205016	0.300257	0.806945	24.0	0.209512	0.320081	0.836694
49.273	0.0	-0.0184182	0.359547	0.898676	1.0	-0.0600244	0.370639	1.19762	2.0	-0.106375	0.393247	1.49047	3.0	-0.077714	0.435538	1.60912	4.0	-0.252013	0.415153	1.36265	5.0	-0.332156	0.408472	1.15068	6.0	-0.335599	0.530313	0.911629	7.0	-0.330997	0.553795	0.833337	8.0	0.0750505	0.372429	1.38909	9.0	0.155995	0.287634	1.13314	10.0	0.201007	0.322483	0.911196	11.0	0.203878	0.319747	0.851259	12.0	-0.0994017	0.390507	0.899322	13.0	-0.191049	0.423611	0.49914	14.0	-0.167104	0.226981	0.151561	15.0	-0.180504	0.290682	0.0828629	16.0	0.02995	0.392468	0.900238	17.0	0.0222741	0.363951	0.498174	18.0	6.40833e-05	0.309579	0.145789	19.0	0.0456493	0.342757	0.0688187	20.0	-0.0938711	0.385537	1.41813	21.0	-0.317732	0.562389	0.776762	22.0	-0.358174	0.58944	0.839291	23.0	0.20748	0.309323	0.78011	24.0	0.20186	0.357279	0.854732
49.308	0.0	-0.0159558	0.373734	0.898406	1.0	-0.0541979	0.387672	1.19836	2.0	-0.0967347	0.413038	1.49234	3.0	-0.0659933	0.452059	1.60925	4.0	-0.246385	0.430195	1.36303	5.0	-0.318912	0.416401	1.14856	6.0	-0.333227	0.527602	0.90408	7.0	-0.311658	0.534902	0.824095	8.0	0.0877283	0.394896	1.37932	9.0	0.167216	0.30802	1.12275	10.0	0.202585	0.339888	0.914013	11.0	0.209515	0.346618	0.842546	12.0	-0.0964171	0.404843	0.900272	13.0	-0.192255	0.475543	0.51491	14.0	-0.162015	0.281497	0.157473	15.0	-0.168665	0.32347	0.0830546	16.0	0.0316564	0.404821	0.899308	17.0	0.0256112	0.374655	0.490815	18.0	-0.000636076	0.310875	0.145561	19.0	0.00204032	0.373541	0.0741767	20.0	-0.0852138	0.404647	1.41971	21.0	-0.325767	0.547224	0.763822	22.0	-0.375676	0.565842	0.848585	23.0	0.214792	0.327051	0.771711	24.0	0.212695	0.37907	0.842328
49.341	0.0	-0.0131402	0.384727	0.898792	1.0	-0.0470408	0.402387	1.1969	2.0	-0.0844589	0.431786	1.48819	3.0	-0.0496873	0.475004	1.60527	4.0	-0.239809	0.444417	1.3652	5.0	-0.315583	0.419801	1.14832	6.0	-0.333716	0.526257	0.900565	7.0	-0.308086	0.527764	0.824935	8.0	0.101304	0.403721	1.37794	9.0	0.176013	0.320963	1.11938	10.0	0.210323	0.35995	0.90974	11.0	0.221408	0.370452	0.835051	12.0	-0.0933415	0.41549	0.901255	13.0	-0.189972	0.509839	0.524494	14.0	-0.162637	0.334131	0.171264	15.0	-0.163345	0.377158	0.0979196	16.0	0.034117	0.416118	0.899247	17.0	0.0307647	0.383567	0.490482	18.0	-0.00762334	0.312362	0.1485	19.0	0.038973	0.354851	0.0737537	20.0	-0.074265	0.422375	1.41631	21.0	-0.326885	0.537361	0.757823	22.0	-0.377586	0.558167	0.843711	23.0	0.226294	0.357878	0.770921	24.0	0.21912	0.409994	0.834338
49.374	0.0	-0.0154897	0.409797	0.89865	1.0	-0.0459511	0.423719	1.19782	2.0	-0.0815734	0.449003	1.49028	3.0	-0.0428335	0.496995	1.60838	4.0	-0.234597	0.462391	1.36624	5.0	-0.313387	0.426872	1.15123	6.0	-0.334729	0.525006	0.898728	7.0	-0.317765	0.526325	0.819599	8.0	0.104771	0.433012	1.37183	9.0	0.183332	0.344478	1.11927	10.0	0.225422	0.387054	0.900563	11.0	0.231695	0.397264	0.828623	12.0	-0.0975569	0.441184	0.902076	13.0	-0.188015	0.563267	0.530058	14.0	-0.155571	0.394258	0.164005	15.0	-0.181469	0.460153	0.0978831	16.0	0.0334172	0.440542	0.898326	17.0	0.0381719	0.388235	0.489207	18.0	-0.0114075	0.317324	0.148766	19.0	0.0357493	0.39979	0.0785984	20.0	-0.0716957	0.440626	1.41811	21.0	-0.326557	0.533798	0.75591	22.0	-0.380712	0.55864	0.830751	23.0	0.240693	0.36929	0.759759	24.0	0.238958	0.429399	0.829884
49.408	0.0	-0.00873719	0.424081	0.897795	1.0	-0.0386678	0.444918	1.1971	2.0	-0.0742213	0.477818	1.4901	3.0	-0.0349424	0.523565	1.60958	4.0	-0.228742	0.485126	1.36568	5.0	-0.312672	0.438544	1.14772	6.0	-0.338694	0.524524	0.897514	7.0	-0.337936	0.52782	0.820912	8.0	0.112954	0.450036	1.37202	9.0	0.192035	0.369428	1.11552	10.0	0.232071	0.411029	0.909774	11.0	0.235871	0.431331	0.83083	12.0	-0.0917901	0.453429	0.901134	13.0	-0.188841	0.596664	0.531296	14.0	-0.169675	0.498168	0.180773	15.0	-0.174918	0.561604	0.0944042	16.0	0.0409995	0.456807	0.897627	17.0	0.0510847	0.400416	0.495846	18.0	-0.00752087	0.339932	0.153896	19.0	0.0425907	0.40089	0.074925	20.0	-0.0642993	0.467506	1.41774	21.0	-0.343912	0.527366	0.755727	22.0	-0.39199	0.552896	0.834028	23.0	0.237969	0.421381	0.769013	24.0	0.24273	0.461587	0.829326
49.44	0.0	-0.00782619	0.447784	0.89752	1.0	-0.0381827	0.473365	1.19612	2.0	-0.0741135	0.509368	1.48833	3.0	-0.0354141	0.552432	1.60183	4.0	-0.225813	0.512221	1.36451	5.0	-0.308859	0.455281	1.13951	6.0	-0.349141	0.531242	0.893042	7.0	-0.360839	0.53304	0.817171	8.0	0.111769	0.497052	1.36777	9.0	0.192379	0.408767	1.11741	10.0	0.236616	0.455835	0.913373	11.0	0.238375	0.468624	0.831631	12.0	-0.0911609	0.474559	0.90157	13.0	-0.18433	0.630618	0.530572	14.0	-0.155426	0.572283	0.166659	15.0	-0.170698	0.659348	0.0825581	16.0	0.0419592	0.482917	0.896581	17.0	0.0594444	0.412075	0.50062	18.0	0.0342299	0.361881	0.20087	19.0	0.0401319	0.415585	0.100049	20.0	-0.0641025	0.49842	1.41618	21.0	-0.355034	0.52433	0.751059	22.0	-0.392533	0.528971	0.79327	23.0	0.241325	0.457831	0.765602	24.0	0.25397	0.490686	0.825686
49.473	0.0	-0.00554554	0.473282	0.896311	1.0	-0.036922	0.50099	1.19165	2.0	-0.0739163	0.540039	1.48027	3.0	-0.0350894	0.58694	1.59561	4.0	-0.223537	0.538986	1.36122	5.0	-0.308966	0.473251	1.13563	6.0	-0.357102	0.534967	0.888498	7.0	-0.36762	0.538185	0.813438	8.0	0.110901	0.518994	1.3654	9.0	0.193141	0.434232	1.11948	10.0	0.233187	0.496994	0.914666	11.0	0.239295	0.508013	0.830212	12.0	-0.0893451	0.498596	0.900131	13.0	-0.167157	0.665392	0.486411	14.0	-0.163929	0.668317	0.178795	15.0	-0.191558	0.773001	0.103828	16.0	0.0444336	0.509643	0.89572	17.0	0.074294	0.446429	0.546345	18.0	0.0480738	0.382685	0.249553	19.0	0.0507773	0.441844	0.149119	20.0	-0.0636246	0.528233	1.40907	21.0	-0.36128	0.519747	0.744074	22.0	-0.393765	0.531299	0.777575	23.0	0.253024	0.484562	0.759357	24.0	0.242417	0.544801	0.830697
49.507	0.0	-0.00676267	0.496658	0.893785	1.0	-0.0388304	0.52963	1.18772	2.0	-0.0765543	0.57341	1.47518	3.0	-0.0360114	0.624943	1.58765	4.0	-0.223942	0.57339	1.35612	5.0	-0.31901	0.504415	1.13527	6.0	-0.363697	0.545067	0.882056	7.0	-0.376519	0.552737	0.808807	8.0	0.108465	0.563532	1.35801	9.0	0.192079	0.477047	1.11848	10.0	0.237728	0.530292	0.900429	11.0	0.234761	0.551169	0.82805	12.0	-0.0898859	0.519909	0.897399	13.0	-0.163615	0.680052	0.477824	14.0	-0.173215	0.776678	0.146421	15.0	-0.19786	0.900765	0.0952687	16.0	0.04227	0.535102	0.893505	17.0	0.0804589	0.471704	0.56795	18.0	-0.0101783	0.3257	0.192562	19.0	-0.022608	0.443152	0.155334	20.0	-0.0660761	0.560499	1.40423	21.0	-0.370263	0.539792	0.744846	22.0	-0.403925	0.571634	0.785717	23.0	0.234191	0.547794	0.764617	24.0	0.232528	0.587767	0.846839
49.54	0.0	-0.00197026	0.517101	0.889734	1.0	-0.0373179	0.552676	1.18345	2.0	-0.0786695	0.599574	1.47078	3.0	-0.0368081	0.650397	1.58876	4.0	-0.225073	0.588069	1.35205	5.0	-0.316183	0.515506	1.12926	6.0	-0.367713	0.55247	0.876951	7.0	-0.378851	0.556727	0.801684	8.0	0.111523	0.578294	1.35591	9.0	0.192245	0.491455	1.12028	10.0	0.237539	0.563212	0.912463	11.0	0.235225	0.583452	0.828923	12.0	-0.0842824	0.537959	0.89429	13.0	-0.154659	0.696633	0.482212	14.0	-0.169701	0.840291	0.142922	15.0	-0.192312	0.971005	0.107913	16.0	0.0459079	0.557898	0.888509	17.0	0.0928005	0.477343	0.57055	18.0	0.000688445	0.329145	0.196387	19.0	-0.0118694	0.446357	0.158736	20.0	-0.0672379	0.58581	1.39986	21.0	-0.370884	0.541107	0.736739	22.0	-0.419172	0.574667	0.803481	23.0	0.239047	0.574533	0.759447	24.0	0.233512	0.624635	0.833737
49.573	0.0	-0.00218198	0.561626	0.879758	1.0	-0.0394711	0.596183	1.17353	2.0	-0.0823605	0.640971	1.46115	3.0	-0.0457081	0.690346	1.57421	4.0	-0.224575	0.633757	1.34464	5.0	-0.32295	0.552987	1.11464	6.0	-0.379551	0.580991	0.868201	7.0	-0.384661	0.579896	0.791808	8.0	0.103473	0.632343	1.35033	9.0	0.19445	0.54709	1.10725	10.0	0.229568	0.613692	0.894368	11.0	0.22863	0.628162	0.821662	12.0	-0.0862481	0.584876	0.885156	13.0	-0.148914	0.746111	0.49109	14.0	-0.159012	0.894315	0.148332	15.0	-0.192903	1.02215	0.106084	16.0	0.047087	0.59951	0.878108	17.0	0.0974856	0.490375	0.573167	18.0	0.00558377	0.341798	0.199083	19.0	-0.00921776	0.45908	0.161557	20.0	-0.0705895	0.627849	1.39014	21.0	-0.382966	0.567166	0.731498	22.0	-0.427067	0.592566	0.791083	23.0	0.22952	0.620672	0.751906	24.0	0.237191	0.66114	0.826639
49.608	0.0	-0.00580701	0.576117	0.876692	1.0	-0.0426142	0.615004	1.16805	2.0	-0.084937	0.665544	1.45254	3.0	-0.061426	0.733658	1.5721	4.0	-0.228688	0.651672	1.33593	5.0	-0.324015	0.572868	1.111	6.0	-0.380814	0.600292	0.865078	7.0	-0.385897	0.599366	0.781776	8.0	0.103363	0.650547	1.34746	9.0	0.190638	0.576916	1.10737	10.0	0.224283	0.645751	0.89392	11.0	0.222786	0.666557	0.817485	12.0	-0.0909347	0.597145	0.882169	13.0	-0.14896	0.76429	0.495242	14.0	-0.15401	0.917392	0.130829	15.0	-0.189709	1.02511	0.0971977	16.0	0.0446277	0.616585	0.874981	17.0	0.116392	0.526055	0.567553	18.0	0.0327428	0.362269	0.198525	19.0	0.0177013	0.47901	0.160295	20.0	-0.0733113	0.650835	1.38238	21.0	-0.375658	0.579367	0.716501	22.0	-0.418909	0.611593	0.775896	23.0	0.232449	0.654166	0.747384	24.0	0.222038	0.70815	0.823412
49.641	0.0	-0.0274803	0.629628	0.872536	1.0	-0.0585365	0.666046	1.16005	2.0	-0.0953974	0.712984	1.44135	3.0	-0.0638509	0.75453	1.5715	4.0	-0.23062	0.694649	1.32208	5.0	-0.329762	0.610804	1.10073	6.0	-0.382743	0.622525	0.864551	7.0	-0.389252	0.628153	0.782378	8.0	0.0949762	0.706062	1.32956	9.0	0.192096	0.619706	1.09467	10.0	0.216963	0.698459	0.884098	11.0	0.216225	0.704837	0.810007	12.0	-0.115644	0.645283	0.876525	13.0	-0.149485	0.821699	0.503923	14.0	-0.153071	0.921123	0.133208	15.0	-0.181963	1.04174	0.08478	16.0	0.025766	0.675012	0.872462	17.0	0.120654	0.548448	0.591192	18.0	0.0364877	0.373782	0.227504	19.0	0.0178853	0.490652	0.189324	20.0	-0.0851178	0.699377	1.3719	21.0	-0.390269	0.613488	0.711852	22.0	-0.421969	0.641249	0.794805	23.0	0.224167	0.695145	0.741381	24.0	0.219053	0.740368	0.821858
49.674	0.0	-0.029644	0.656165	0.864138	1.0	-0.0622089	0.686593	1.15504	2.0	-0.100202	0.728748	1.43896	3.0	-0.0695496	0.792363	1.56452	4.0	-0.23407	0.706122	1.32097	5.0	-0.32794	0.629701	1.09573	6.0	-0.384814	0.660381	0.844071	7.0	-0.388711	0.658821	0.775782	8.0	0.094851	0.724312	1.32639	9.0	0.189811	0.644704	1.09214	10.0	0.214593	0.7195	0.885116	11.0	0.213659	0.742657	0.81109	12.0	-0.115635	0.669978	0.870112	13.0	-0.149422	0.852518	0.506244	14.0	-0.149997	0.925866	0.138704	15.0	-0.177513	1.04467	0.0811708	16.0	0.0209891	0.703523	0.862082	17.0	0.141476	0.586551	0.58744	18.0	0.0618694	0.393165	0.232955	19.0	0.0411284	0.510181	0.195435	20.0	-0.0896458	0.716138	1.36894	21.0	-0.389545	0.64669	0.706458	22.0	-0.420211	0.670965	0.762836	23.0	0.224988	0.735094	0.746597	24.0	0.217808	0.778065	0.819554
49.707	0.0	-0.0300116	0.697047	0.860711	1.0	-0.0649168	0.725934	1.1518	2.0	-0.105416	0.764943	1.43645	3.0	-0.0757835	0.820509	1.55718	4.0	-0.24445	0.746374	1.31687	5.0	-0.327238	0.667803	1.09105	6.0	-0.381191	0.687485	0.838568	7.0	-0.387089	0.695043	0.763045	8.0	0.0837727	0.772853	1.32735	9.0	0.17754	0.696141	1.09856	10.0	0.209114	0.760821	0.887642	11.0	0.206263	0.779477	0.808083	12.0	-0.115711	0.712152	0.868003	13.0	-0.152443	0.905204	0.51044	14.0	-0.149288	0.931015	0.141842	15.0	-0.174852	1.04395	0.079313	16.0	0.0201631	0.742426	0.857721	17.0	0.124931	0.611114	0.583869	18.0	0.0485921	0.404576	0.236682	19.0	0.0257014	0.521593	0.199388	20.0	-0.0942381	0.753277	1.36621	21.0	-0.381757	0.671807	0.692871	22.0	-0.415499	0.687342	0.768385	23.0	0.213412	0.769674	0.740073	24.0	0.213416	0.807314	0.799782
49.741	0.0	-0.0301653	0.726121	0.858482	1.0	-0.0648504	0.753631	1.14936	2.0	-0.105353	0.792137	1.43376	3.0	-0.0895834	0.859206	1.56112	4.0	-0.249396	0.767579	1.31519	5.0	-0.328252	0.69902	1.08657	6.0	-0.378913	0.741407	0.831643	7.0	-0.384122	0.740643	0.764962	8.0	0.0850267	0.792626	1.32733	9.0	0.17322	0.726395	1.09231	10.0	0.199023	0.804279	0.889402	11.0	0.195571	0.820443	0.813316	12.0	-0.114829	0.739333	0.864151	13.0	-0.155677	0.925916	0.506207	14.0	-0.148953	0.935654	0.144792	15.0	-0.172062	1.04243	0.0779808	16.0	0.0186132	0.773699	0.857264	17.0	0.108422	0.65975	0.567222	18.0	0.0472562	0.432739	0.231102	19.0	0.024782	0.549774	0.194047	20.0	-0.0941433	0.780528	1.36358	21.0	-0.380042	0.729686	0.698869	22.0	-0.415225	0.745389	0.763695	23.0	0.20631	0.814102	0.743812	24.0	0.196393	0.862447	0.808077
49.773	0.0	-0.0358294	0.763264	0.865816	1.0	-0.0727623	0.790374	1.15599	2.0	-0.115526	0.828113	1.43962	3.0	-0.0987759	0.891493	1.56492	4.0	-0.259261	0.804612	1.3174	5.0	-0.330994	0.745405	1.08386	6.0	-0.381437	0.78986	0.836249	7.0	-0.383637	0.793434	0.772197	8.0	0.0773674	0.838927	1.33043	9.0	0.164525	0.778119	1.09721	10.0	0.18725	0.84379	0.885168	11.0	0.184779	0.863904	0.814981	12.0	-0.122118	0.778915	0.871244	13.0	-0.158681	0.947079	0.504281	14.0	-0.148986	0.942328	0.145388	15.0	-0.171571	1.04274	0.0776831	16.0	0.0143047	0.807807	0.864547	17.0	0.106679	0.696486	0.574055	18.0	0.0514796	0.458659	0.244906	19.0	0.0264963	0.575415	0.20774	20.0	-0.103746	0.816724	1.36965	21.0	-0.372425	0.794816	0.704997	22.0	-0.420822	0.809863	0.774397	23.0	0.196336	0.852708	0.747642	24.0	0.184918	0.902748	0.816425
49.807	0.0	-0.0416986	0.790666	0.870535	1.0	-0.0768439	0.817638	1.16124	2.0	-0.11795	0.855412	1.44535	3.0	-0.103177	0.921802	1.57317	4.0	-0.264759	0.835299	1.3231	5.0	-0.331945	0.775119	1.09307	6.0	-0.377725	0.844151	0.81903	7.0	-0.377993	0.840555	0.764627	8.0	0.0752302	0.859511	1.33389	9.0	0.157962	0.805902	1.10612	10.0	0.177026	0.883518	0.891838	11.0	0.174211	0.904102	0.822658	12.0	-0.126602	0.801502	0.873664	13.0	-0.167288	0.964133	0.519128	14.0	-0.147358	0.95127	0.146696	15.0	-0.170496	1.04679	0.0769147	16.0	0.00669451	0.840629	0.871971	17.0	0.106309	0.729181	0.584419	18.0	0.0537436	0.485395	0.259405	19.0	0.0313022	0.602365	0.222253	20.0	-0.106571	0.84401	1.37527	21.0	-0.36849	0.830316	0.700467	22.0	-0.408994	0.840268	0.74796	23.0	0.179696	0.902864	0.753753	24.0	0.175091	0.947309	0.833358
49.84	0.0	-0.0484567	0.810787	0.875926	1.0	-0.0826086	0.839557	1.16829	2.0	-0.122664	0.879107	1.45404	3.0	-0.105924	0.941437	1.58152	4.0	-0.268152	0.857926	1.32661	5.0	-0.331444	0.805264	1.09933	6.0	-0.375258	0.888852	0.849285	7.0	-0.373641	0.892158	0.780882	8.0	0.0699514	0.889918	1.34487	9.0	0.155581	0.827995	1.11296	10.0	0.171428	0.923485	0.896118	11.0	0.166874	0.938119	0.83034	12.0	-0.133333	0.826093	0.879643	13.0	-0.168493	0.969373	0.516253	14.0	-0.146598	0.953194	0.149103	15.0	-0.169049	1.04673	0.076972	16.0	0.000215331	0.855999	0.876361	17.0	0.0701655	0.770327	0.566338	18.0	0.0133597	0.505622	0.25965	19.0	-0.0108044	0.622404	0.222307	20.0	-0.11155	0.867264	1.38356	21.0	-0.357578	0.888896	0.717346	22.0	-0.425113	0.919952	0.792493	23.0	0.169717	0.936448	0.763771	24.0	0.168899	0.98351	0.825009
49.873	0.0	-0.0494028	0.827081	0.878878	1.0	-0.083613	0.858723	1.17323	2.0	-0.123829	0.901207	1.46107	3.0	-0.104451	0.966249	1.58959	4.0	-0.271474	0.881926	1.33302	5.0	-0.334313	0.837595	1.11551	6.0	-0.370988	0.927499	0.867909	7.0	-0.365773	0.938516	0.794682	8.0	0.0685525	0.908297	1.3509	9.0	0.152791	0.846215	1.12073	10.0	0.167472	0.946955	0.902806	11.0	0.162407	0.969948	0.840603	12.0	-0.134716	0.842656	0.879576	13.0	-0.169583	0.974291	0.52064	14.0	-0.145093	0.954642	0.148091	15.0	-0.168027	1.04827	0.0763822	16.0	-0.000559816	0.87201	0.882314	17.0	0.0664676	0.786457	0.571291	18.0	0.00248756	0.520416	0.266963	19.0	-0.0200988	0.637164	0.229248	20.0	-0.112661	0.888633	1.39006	21.0	-0.358668	0.936325	0.722325	22.0	-0.409411	0.956069	0.800084	23.0	0.169716	0.965555	0.775441	24.0	0.158692	1.0098	0.85637
49.907	0.0	-0.0452303	0.84766	0.880871	1.0	-0.0829025	0.885135	1.1787	2.0	-0.127679	0.934584	1.47055	3.0	-0.106068	0.994737	1.5998	4.0	-0.276241	0.914134	1.34156	5.0	-0.341338	0.871123	1.1248	6.0	-0.370108	0.97013	0.884633	7.0	-0.36855	0.995356	0.805902	8.0	0.067474	0.934858	1.35609	9.0	0.146406	0.886671	1.13087	10.0	0.162993	0.983868	0.924708	11.0	0.153149	1.00821	0.858744	12.0	-0.128408	0.862986	0.883379	13.0	-0.170026	0.976732	0.518049	14.0	-0.144396	0.954014	0.149749	15.0	-0.16671	1.04892	0.076889	16.0	0.0012142	0.892455	0.882436	17.0	0.0656964	0.82046	0.544335	18.0	-0.00594854	0.550771	0.244925	19.0	-0.026968	0.66708	0.206653	20.0	-0.115253	0.920174	1.3985	21.0	-0.346207	0.992776	0.742154	22.0	-0.406259	1.00461	0.800721	23.0	0.157796	1.01547	0.797263	24.0	0.147977	1.05227	0.870796
49.94	0.0	-0.0363993	0.860308	0.88551	1.0	-0.0768169	0.896285	1.18259	2.0	-0.12366	0.943336	1.47318	3.0	-0.104218	1.00965	1.60417	4.0	-0.273651	0.927336	1.34752	5.0	-0.346845	0.894326	1.13591	6.0	-0.362361	0.998778	0.899481	7.0	-0.36471	1.03805	0.823751	8.0	0.0686209	0.941111	1.36021	9.0	0.147961	0.889279	1.13263	10.0	0.165235	0.989823	0.940248	11.0	0.1582	1.02637	0.865499	12.0	-0.119427	0.88042	0.888032	13.0	-0.170087	0.976981	0.517552	14.0	-0.143537	0.953582	0.150243	15.0	-0.165276	1.04795	0.0768493	16.0	0.00952279	0.900924	0.886875	17.0	0.0666701	0.828105	0.538955	18.0	-0.0117199	0.577068	0.224476	19.0	-0.031076	0.693517	0.186767	20.0	-0.110784	0.929589	1.40148	21.0	-0.34827	1.04277	0.763005	22.0	-0.399347	1.04989	0.813099	23.0	0.158392	1.02393	0.797577	24.0	0.151973	1.07071	0.875248
49.973	0.0	-0.0333508	0.892004	0.892771	1.0	-0.074277	0.925129	1.19005	2.0	-0.121432	0.968683	1.48023	3.0	-0.100979	1.03248	1.60769	4.0	-0.272273	0.954712	1.35579	5.0	-0.344229	0.921309	1.14794	6.0	-0.3624	1.04544	0.917784	7.0	-0.366885	1.0883	0.845053	8.0	0.0691357	0.962436	1.36492	9.0	0.147995	0.90243	1.13563	10.0	0.162984	1.00944	0.946366	11.0	0.153576	1.05385	0.874856	12.0	-0.118585	0.912324	0.895408	13.0	-0.170883	0.97883	0.515261	14.0	-0.142734	0.951779	0.151751	15.0	-0.165059	1.04746	0.0769913	16.0	0.0142358	0.930748	0.893726	17.0	0.0593769	0.862413	0.533435	18.0	-0.0130502	0.611183	0.217846	19.0	-0.0310585	0.727808	0.180754	20.0	-0.108497	0.955888	1.4087	21.0	-0.34981	1.10051	0.787562	22.0	-0.405538	1.10312	0.835859	23.0	0.151188	1.0603	0.80959	24.0	0.152771	1.1026	0.875046
50.008	0.0	-0.0267483	0.902519	0.894761	1.0	-0.0704846	0.936167	1.19259	2.0	-0.120234	0.980979	1.48345	3.0	-0.0959597	1.05109	1.61174	4.0	-0.269682	0.975335	1.35903	5.0	-0.354421	0.954301	1.15944	6.0	-0.366531	1.09576	0.926448	7.0	-0.365019	1.13217	0.857567	8.0	0.0715589	0.971883	1.36737	9.0	0.148133	0.914071	1.13827	10.0	0.165718	1.01959	0.948543	11.0	0.155988	1.06965	0.879968	12.0	-0.111653	0.925031	0.896654	13.0	-0.170262	0.980133	0.514205	14.0	-0.142517	0.951372	0.151691	15.0	-0.165342	1.04656	0.0768928	16.0	0.0204882	0.939596	0.896427	17.0	0.0526393	0.882754	0.53076	18.0	-0.021431	0.665262	0.190198	19.0	-0.0366748	0.781689	0.153505	20.0	-0.106646	0.967797	1.41175	21.0	-0.347453	1.14216	0.804744	22.0	-0.406576	1.14373	0.865004	23.0	0.153786	1.0791	0.815917	24.0	0.149392	1.10618	0.900119
50.04	0.0	-0.0206658	0.926346	0.897416	1.0	-0.0662845	0.958794	1.19548	2.0	-0.117955	1.00173	1.48636	3.0	-0.0932752	1.07401	1.61134	4.0	-0.265406	1.00306	1.36193	5.0	-0.364139	0.987867	1.16726	6.0	-0.375316	1.14294	0.943092	7.0	-0.365229	1.17922	0.876942	8.0	0.0726903	0.984873	1.37141	9.0	0.148237	0.925735	1.1416	10.0	0.162944	1.04408	0.958647	11.0	0.154464	1.08712	0.88432	12.0	-0.105222	0.949282	0.897053	13.0	-0.170699	0.983025	0.513975	14.0	-0.142736	0.95096	0.151594	15.0	-0.16596	1.04585	0.0771555	16.0	0.0257942	0.962671	0.901348	17.0	0.0500009	0.90742	0.521504	18.0	0.0162928	0.813356	0.140861	19.0	0.0801412	0.80361	0.080502	20.0	-0.103904	0.98908	1.41468	21.0	-0.345444	1.19674	0.824239	22.0	-0.39867	1.18878	0.876706	23.0	0.152328	1.0937	0.81695	24.0	0.14937	1.13593	0.870827
50.073	0.0	-0.0192805	0.93382	0.896868	1.0	-0.0645387	0.969409	1.196	2.0	-0.115909	1.01619	1.48828	3.0	-0.0881736	1.08424	1.61283	4.0	-0.260093	1.01738	1.36309	5.0	-0.370623	1.01165	1.17313	6.0	-0.379283	1.15223	0.985122	7.0	-0.3626	1.2158	0.89651	8.0	0.0741493	0.993718	1.37492	9.0	0.149015	0.933958	1.14103	10.0	0.164513	1.04741	0.955312	11.0	0.159054	1.09264	0.883563	12.0	-0.104008	0.960044	0.895827	13.0	-0.167384	0.987413	0.507844	14.0	-0.142807	0.950659	0.151928	15.0	-0.166091	1.04562	0.0770943	16.0	0.0270936	0.967377	0.901329	17.0	0.0472809	0.929375	0.48136	18.0	0.0197267	0.823559	0.148216	19.0	0.0847173	0.8335	0.0817375	20.0	-0.101924	1.00253	1.41622	21.0	-0.344728	1.23941	0.842067	22.0	-0.396697	1.23428	0.880275	23.0	0.161518	1.09963	0.820768	24.0	0.153097	1.12625	0.900892
50.107	0.0	-0.0200229	0.945851	0.896449	1.0	-0.0640429	0.984216	1.19682	2.0	-0.114085	1.03343	1.49029	3.0	-0.0839466	1.09868	1.61362	4.0	-0.258145	1.03747	1.36534	5.0	-0.366631	1.03215	1.17416	6.0	-0.375004	1.18642	0.98852	7.0	-0.358656	1.25305	0.905837	8.0	0.0749746	1.00877	1.37701	9.0	0.149634	0.945608	1.13805	10.0	0.166321	1.05389	0.949654	11.0	0.160952	1.09985	0.878696	12.0	-0.104566	0.972701	0.894921	13.0	-0.163429	0.991408	0.501041	14.0	-0.14296	0.95107	0.151532	15.0	-0.166224	1.04391	0.076651	16.0	0.0261165	0.978096	0.901508	17.0	0.0441069	0.951842	0.476716	18.0	0.023238	0.87295	0.143467	19.0	0.0767895	0.936345	0.0747294	20.0	-0.100434	1.01921	1.41795	21.0	-0.339666	1.27951	0.853722	22.0	-0.382572	1.27199	0.88322	23.0	0.160609	1.10703	0.818964	24.0	0.161142	1.13703	0.890764
50.14	0.0	-0.0183391	0.95936	0.897127	1.0	-0.0621084	0.997594	1.19841	2.0	-0.112116	1.04631	1.49251	3.0	-0.0767268	1.11086	1.61545	4.0	-0.253607	1.05105	1.36783	5.0	-0.366542	1.05792	1.17817	6.0	-0.370332	1.19862	0.992284	7.0	-0.351531	1.28396	0.912805	8.0	0.0775841	1.01908	1.37841	9.0	0.15131	0.953524	1.13476	10.0	0.167307	1.05892	0.944802	11.0	0.163934	1.09955	0.875116	12.0	-0.103254	0.988083	0.895725	13.0	-0.152924	0.992523	0.485186	14.0	-0.141947	0.951298	0.151614	15.0	-0.166262	1.04387	0.0767937	16.0	0.0279263	0.989698	0.902145	17.0	0.0448211	0.977747	0.469881	18.0	0.0285048	0.906947	0.127971	19.0	0.0645392	0.969412	0.0791099	20.0	-0.0984555	1.03223	1.42004	21.0	-0.334502	1.31108	0.864376	22.0	-0.370122	1.2881	0.872305	23.0	0.168867	1.10849	0.813259	24.0	0.159006	1.13215	0.895497
50.174	0.0	-0.0200957	0.976411	0.897574	1.0	-0.0609511	1.01334	1.19941	2.0	-0.108302	1.06125	1.49391	3.0	-0.0704917	1.12399	1.61563	4.0	-0.249863	1.07108	1.36939	5.0	-0.363147	1.07733	1.18007	6.0	-0.361603	1.26849	0.981623	7.0	-0.346288	1.31768	0.915323	8.0	0.0742411	1.03745	1.38293	9.0	0.151706	0.963061	1.13309	10.0	0.168955	1.06211	0.940368	11.0	0.165422	1.09937	0.868066	12.0	-0.10554	1.0074	0.896427	13.0	-0.156651	0.99584	0.476786	14.0	-0.141804	0.951574	0.151891	15.0	-0.164983	1.04232	0.0770459	16.0	0.0265188	1.00437	0.902412	17.0	0.0438275	1.01822	0.489207	18.0	0.0351228	0.955515	0.116113	19.0	0.0730947	1.02643	0.0765761	20.0	-0.0952936	1.04734	1.42135	21.0	-0.327701	1.3464	0.868411	22.0	-0.364544	1.31585	0.886321	23.0	0.165047	1.1023	0.801424	24.0	0.169937	1.13528	0.835291
50.208	0.0	-0.0178267	0.990374	0.898744	1.0	-0.0574409	1.02711	1.2009	2.0	-0.103613	1.07438	1.49562	3.0	-0.0623104	1.14114	1.61848	4.0	-0.243079	1.08468	1.37169	5.0	-0.352196	1.10022	1.18007	6.0	-0.357534	1.26918	0.987414	7.0	-0.338745	1.3363	0.921953	8.0	0.0821154	1.04401	1.38159	9.0	0.153714	0.971182	1.13095	10.0	0.171822	1.0651	0.936186	11.0	0.169078	1.09293	0.862955	12.0	-0.102949	1.02331	0.898192	13.0	-0.156312	0.996656	0.476796	14.0	-0.141016	0.95201	0.152342	15.0	-0.164688	1.04162	0.0772384	16.0	0.0283101	1.01629	0.903044	17.0	0.0446061	1.03381	0.498544	18.0	0.0345601	0.978637	0.130588	19.0	0.0604431	1.04793	0.0809139	20.0	-0.0908806	1.06067	1.42302	21.0	-0.319175	1.36327	0.874244	22.0	-0.339232	1.33997	0.874877	23.0	0.176171	1.10056	0.800735	24.0	0.171041	1.12633	0.876159
50.24	0.0	-0.0170863	1.00243	0.899268	1.0	-0.0543077	1.04083	1.20119	2.0	-0.0976916	1.09004	1.4956	3.0	-0.0559103	1.15043	1.61684	4.0	-0.238354	1.09964	1.37188	5.0	-0.340529	1.12055	1.17687	6.0	-0.35086	1.28201	0.994152	7.0	-0.329142	1.35379	0.924322	8.0	0.0826493	1.05649	1.38969	9.0	0.156901	0.981338	1.12581	10.0	0.176151	1.06629	0.927587	11.0	0.174435	1.08512	0.853423	12.0	-0.102594	1.03727	0.898549	13.0	-0.155689	0.998217	0.476446	14.0	-0.140986	0.951782	0.152673	15.0	-0.144359	1.04165	0.0790862	16.0	0.029216	1.02638	0.903673	17.0	0.0453417	1.05389	0.497911	18.0	0.0349769	1.00233	0.135393	19.0	0.0497148	1.06601	0.0779	20.0	-0.0856904	1.07583	1.42308	21.0	-0.3081	1.38517	0.875485	22.0	-0.345748	1.34995	0.892328	23.0	0.176605	1.09636	0.791347	24.0	0.178326	1.11932	0.823215
50.273	0.0	-0.0111587	1.01903	0.897933	1.0	-0.0475137	1.05404	1.20139	2.0	-0.0904706	1.10007	1.49705	3.0	-0.0465128	1.15995	1.61665	4.0	-0.230784	1.11366	1.37102	5.0	-0.339233	1.12913	1.17909	6.0	-0.344897	1.28998	0.999745	7.0	-0.318743	1.36755	0.924464	8.0	0.0892786	1.06578	1.38633	9.0	0.159657	0.989506	1.12769	10.0	0.178168	1.06736	0.915059	11.0	0.177553	1.08228	0.850662	12.0	-0.0967449	1.05488	0.897368	13.0	-0.152915	1.00721	0.478422	14.0	-0.139021	0.952514	0.153263	15.0	-0.149423	1.03988	0.0785845	16.0	0.0349141	1.04167	0.902247	17.0	0.0468891	1.07104	0.496929	18.0	0.041678	1.03005	0.13862	19.0	0.0543447	1.08668	0.0771469	20.0	-0.0785348	1.08663	1.42425	21.0	-0.298477	1.39656	0.876799	22.0	-0.33682	1.36225	0.900602	23.0	0.178341	1.08621	0.783043	24.0	0.189759	1.10721	0.846713
50.307	0.0	-0.00689151	1.04382	0.894285	1.0	-0.0407702	1.07543	1.19903	2.0	-0.0816591	1.1179	1.49592	3.0	-0.0374503	1.17125	1.61579	4.0	-0.223669	1.13111	1.36905	5.0	-0.336103	1.15722	1.17978	6.0	-0.337285	1.2994	1.0026	7.0	-0.310616	1.37692	0.924803	8.0	0.0985499	1.08242	1.38027	9.0	0.162942	1.00206	1.12689	10.0	0.180865	1.07011	0.908619	11.0	0.180773	1.08594	0.845208	12.0	-0.0941089	1.08011	0.893961	13.0	-0.150585	1.04134	0.476321	14.0	-0.138297	0.954893	0.151264	15.0	-0.15064	1.03993	0.0785028	16.0	0.0404819	1.06581	0.898454	17.0	0.0493109	1.09595	0.489835	18.0	0.0390141	1.04136	0.134892	19.0	0.0621316	1.09494	0.0761818	20.0	-0.0701941	1.10536	1.42282	21.0	-0.289891	1.41016	0.872384	22.0	-0.323325	1.37628	0.877961	23.0	0.186573	1.08979	0.777338	24.0	0.190143	1.10292	0.818337
50.34	0.0	-0.00327394	1.06099	0.891351	1.0	-0.035678	1.08781	1.19709	2.0	-0.0753314	1.12631	1.49481	3.0	-0.0284864	1.1806	1.61399	4.0	-0.215927	1.14133	1.36752	5.0	-0.325893	1.16416	1.17676	6.0	-0.318477	1.3166	0.995015	7.0	-0.297928	1.38308	0.918231	8.0	0.101979	1.09157	1.37807	9.0	0.167063	1.01283	1.12685	10.0	0.190659	1.07004	0.903361	11.0	0.195204	1.08267	0.841578	12.0	-0.090561	1.09528	0.892355	13.0	-0.142788	1.06897	0.475015	14.0	-0.136507	0.959531	0.148441	15.0	-0.153154	1.04271	0.0788341	16.0	0.043892	1.08487	0.894143	17.0	0.0513954	1.1017	0.481021	18.0	0.0382676	1.04242	0.135884	19.0	0.0611437	1.09823	0.0754944	20.0	-0.0641651	1.11469	1.42151	21.0	-0.275092	1.41309	0.864548	22.0	-0.300621	1.38357	0.876828	23.0	0.196022	1.09036	0.780778	24.0	0.202015	1.10012	0.835109
50.373	0.0	0.00268168	1.08139	0.887356	1.0	-0.0274774	1.10422	1.19393	2.0	-0.0649524	1.13848	1.49252	3.0	-0.015544	1.19157	1.61293	4.0	-0.209225	1.15159	1.36608	5.0	-0.315478	1.17238	1.17331	6.0	-0.311632	1.32315	0.988038	7.0	-0.288213	1.38961	0.90954	8.0	0.106916	1.10576	1.37692	9.0	0.175662	1.02607	1.12268	10.0	0.19478	1.07347	0.899671	11.0	0.205322	1.08866	0.835553	12.0	-0.0841353	1.11542	0.888762	13.0	-0.138658	1.1074	0.463886	14.0	-0.137009	0.96911	0.142649	15.0	-0.15441	1.04648	0.0790961	16.0	0.0490388	1.10509	0.88998	17.0	0.0547575	1.10968	0.473534	18.0	0.039455	1.04539	0.132624	19.0	0.0615685	1.1024	0.0743572	20.0	-0.0543226	1.12793	1.41901	21.0	-0.269356	1.41898	0.860517	22.0	-0.296124	1.38828	0.858855	23.0	0.200106	1.09761	0.772	24.0	0.206743	1.10706	0.81247
50.407	0.0	0.0133613	1.09843	0.886398	1.0	-0.0173772	1.11843	1.19401	2.0	-0.0553276	1.14934	1.49357	3.0	-0.00217702	1.20407	1.61155	4.0	-0.199819	1.16341	1.3665	5.0	-0.305333	1.17927	1.17322	6.0	-0.304532	1.32408	0.985689	7.0	-0.279331	1.38515	0.902854	8.0	0.113879	1.11893	1.37657	9.0	0.182875	1.0372	1.12241	10.0	0.20453	1.08047	0.893689	11.0	0.216223	1.09221	0.827041	12.0	-0.0751518	1.13334	0.888621	13.0	-0.127823	1.15474	0.464873	14.0	-0.133097	1.00133	0.135578	15.0	-0.155399	1.06636	0.0715994	16.0	0.0611731	1.12119	0.888248	17.0	0.0592239	1.11744	0.469216	18.0	0.0396272	1.04609	0.132603	19.0	0.0650002	1.10793	0.0738815	20.0	-0.0445636	1.13968	1.41982	21.0	-0.25604	1.41241	0.848579	22.0	-0.290467	1.38526	0.85535	23.0	0.219988	1.0976	0.778745	24.0	0.214904	1.10264	0.830198
50.44	0.0	0.0247769	1.11835	0.887297	1.0	-0.00680211	1.13464	1.19489	2.0	-0.0454689	1.16177	1.49453	3.0	0.0109555	1.21532	1.61259	4.0	-0.190433	1.17751	1.36704	5.0	-0.297313	1.18457	1.17454	6.0	-0.290249	1.31921	0.97786	7.0	-0.271644	1.381	0.891847	8.0	0.123224	1.13155	1.37626	9.0	0.192797	1.04958	1.12213	10.0	0.211169	1.08956	0.900548	11.0	0.22321	1.10133	0.824124	12.0	-0.0645971	1.15286	0.889267	13.0	-0.147428	1.21212	0.478744	14.0	-0.133247	1.02502	0.138765	15.0	-0.157889	1.08242	0.071701	16.0	0.0728834	1.14095	0.889407	17.0	0.0677962	1.1274	0.464523	18.0	0.0400854	1.04677	0.1314	19.0	0.0648055	1.10808	0.0737476	20.0	-0.0345272	1.15307	1.42076	21.0	-0.253052	1.407	0.838641	22.0	-0.282004	1.37406	0.843759	23.0	0.225697	1.10089	0.787833	24.0	0.219593	1.11212	0.835214
50.474	0.0	0.0286281	1.14744	0.88657	1.0	-0.000146038	1.16155	1.19541	2.0	-0.0360795	1.18619	1.49621	3.0	0.0186094	1.23604	1.61256	4.0	-0.183143	1.19602	1.36932	5.0	-0.288361	1.19788	1.17073	6.0	-0.283549	1.32605	0.96266	7.0	-0.270578	1.37965	0.882874	8.0	0.131556	1.15567	1.37168	9.0	0.201243	1.07327	1.11759	10.0	0.21362	1.11296	0.907303	11.0	0.225246	1.11684	0.813983	12.0	-0.0609068	1.18003	0.88964	13.0	-0.147241	1.25677	0.494952	14.0	-0.139491	1.08467	0.150722	15.0	-0.144208	1.11498	0.0789753	16.0	0.0764882	1.17183	0.887568	17.0	0.0756626	1.14293	0.462968	18.0	0.0384478	1.04813	0.130373	19.0	0.0689791	1.11919	0.0720406	20.0	-0.0258116	1.17816	1.42215	21.0	-0.248276	1.40176	0.825228	22.0	-0.289499	1.37807	0.852268	23.0	0.223073	1.11847	0.780162	24.0	0.22503	1.12538	0.803894
50.507	0.0	0.0312316	1.16401	0.887931	1.0	0.00335983	1.17713	1.19795	2.0	-0.0316359	1.20063	1.49987	3.0	0.03221	1.25402	1.61472	4.0	-0.179677	1.21217	1.37024	5.0	-0.285486	1.20356	1.16978	6.0	-0.27653	1.33214	0.939248	7.0	-0.268185	1.36925	0.871473	8.0	0.135298	1.17429	1.36717	9.0	0.205008	1.09189	1.11307	10.0	0.22104	1.12048	0.901855	11.0	0.241628	1.12141	0.805333	12.0	-0.0583995	1.1975	0.891268	13.0	-0.148616	1.289	0.505521	14.0	-0.12582	1.13753	0.142736	15.0	-0.157563	1.20188	0.0801549	16.0	0.0789283	1.18721	0.888695	17.0	0.0944071	1.16434	0.485483	18.0	0.0384818	1.06543	0.132671	19.0	0.0806556	1.13173	0.0715062	20.0	-0.0216034	1.19291	1.42553	21.0	-0.245456	1.38861	0.812475	22.0	-0.289047	1.36079	0.847054	23.0	0.235382	1.12574	0.781361	24.0	0.238904	1.13373	0.801224
50.54	0.0	0.0404109	1.18774	0.889997	1.0	0.01138	1.20372	1.19932	2.0	-0.0249093	1.23006	1.50051	3.0	0.0408083	1.27284	1.61481	4.0	-0.177697	1.23408	1.37043	5.0	-0.280632	1.22374	1.16158	6.0	-0.276147	1.34016	0.922114	7.0	-0.264154	1.36072	0.854236	8.0	0.134432	1.20139	1.36606	9.0	0.204098	1.11888	1.11193	10.0	0.234075	1.14161	0.888093	11.0	0.241891	1.13935	0.812194	12.0	-0.0512842	1.2215	0.890049	13.0	-0.147736	1.33758	0.509708	14.0	-0.122938	1.2063	0.149405	15.0	-0.1501	1.28492	0.085869	16.0	0.0899707	1.21083	0.894164	17.0	0.0981885	1.17257	0.489428	18.0	0.0436634	1.08816	0.139361	19.0	0.0846976	1.13849	0.0713904	20.0	-0.0145322	1.22165	1.42636	21.0	-0.246096	1.3762	0.794106	22.0	-0.296102	1.38965	0.845258	23.0	0.250793	1.13117	0.765351	24.0	0.249464	1.14825	0.798828
50.573	0.0	0.040482	1.20144	0.887648	1.0	0.01326	1.22101	1.19705	2.0	-0.0208312	1.25116	1.49841	3.0	0.046261	1.29197	1.61507	4.0	-0.173946	1.26141	1.3704	5.0	-0.275886	1.23848	1.15499	6.0	-0.278334	1.34204	0.917102	7.0	-0.256171	1.34876	0.844656	8.0	0.134955	1.22788	1.36022	9.0	0.204538	1.14533	1.10609	10.0	0.236671	1.14907	0.884739	11.0	0.245748	1.15571	0.806916	12.0	-0.0505376	1.23126	0.888108	13.0	-0.142732	1.37226	0.514038	14.0	-0.119666	1.29428	0.141459	15.0	-0.145809	1.36646	0.0834617	16.0	0.0887947	1.22849	0.891428	17.0	0.110362	1.21341	0.550638	18.0	0.0517366	1.13002	0.209506	19.0	0.0673207	1.15035	0.112091	20.0	-0.0110354	1.24177	1.42421	21.0	-0.259293	1.36069	0.777594	22.0	-0.318397	1.36297	0.853454	23.0	0.248065	1.14838	0.750066	24.0	0.251352	1.16665	0.801561
50.607	0.0	0.0333295	1.2212	0.885003	1.0	0.0108183	1.24455	1.1946	2.0	-0.0183631	1.27913	1.49604	3.0	0.0499742	1.32251	1.61326	4.0	-0.170355	1.28955	1.36676	5.0	-0.273039	1.25777	1.14785	6.0	-0.285082	1.34415	0.908416	7.0	-0.260322	1.3466	0.834517	8.0	0.141054	1.2464	1.36591	9.0	0.210612	1.16512	1.10258	10.0	0.232959	1.17896	0.891268	11.0	0.241363	1.18416	0.810696	12.0	-0.0565984	1.25185	0.887428	13.0	-0.138072	1.40339	0.501334	14.0	-0.122374	1.38766	0.137102	15.0	-0.145733	1.48217	0.0735012	16.0	0.0806085	1.24676	0.886937	17.0	0.117344	1.22292	0.550063	18.0	0.0438487	1.06942	0.17364	19.0	0.0586632	1.10983	0.0766734	20.0	-0.00982437	1.2686	1.42184	21.0	-0.269092	1.35214	0.757718	22.0	-0.329053	1.36272	0.850214	23.0	0.23948	1.17646	0.747225	24.0	0.251598	1.19185	0.80623
50.64	0.0	0.0271065	1.24339	0.880932	1.0	0.00701814	1.27438	1.1897	2.0	-0.0197491	1.31594	1.49032	3.0	0.0496144	1.35678	1.60927	4.0	-0.172244	1.31737	1.36197	5.0	-0.277094	1.29184	1.12444	6.0	-0.3038	1.35611	0.887871	7.0	-0.278029	1.34954	0.818007	8.0	0.145611	1.27923	1.359	9.0	0.212961	1.19228	1.09715	10.0	0.238289	1.20017	0.886254	11.0	0.239042	1.21435	0.804214	12.0	-0.0600407	1.27017	0.884229	13.0	-0.132678	1.42998	0.50164	14.0	-0.116316	1.47708	0.142455	15.0	-0.153725	1.57162	0.0846878	16.0	0.070881	1.27305	0.88196	17.0	0.122491	1.22509	0.553382	18.0	0.0471755	1.07388	0.176244	19.0	0.0389747	1.18737	0.141137	20.0	-0.0117652	1.30375	1.41633	21.0	-0.282586	1.34615	0.73912	22.0	-0.342406	1.36556	0.830834	23.0	0.242705	1.19937	0.740041	24.0	0.2535	1.22161	0.787924
50.673	0.0	0.018701	1.26151	0.876949	1.0	0.00247304	1.29636	1.18415	2.0	-0.0207512	1.34204	1.4829	3.0	0.0451588	1.38517	1.60459	4.0	-0.173432	1.3487	1.35349	5.0	-0.278292	1.30524	1.12092	6.0	-0.310518	1.36183	0.88075	7.0	-0.31398	1.36835	0.804828	8.0	0.137072	1.32008	1.35583	9.0	0.209814	1.22911	1.09728	10.0	0.241263	1.24879	0.855584	11.0	0.23766	1.24075	0.794807	12.0	-0.0685261	1.28868	0.880394	13.0	-0.127472	1.454	0.561609	14.0	-0.123579	1.54521	0.153436	15.0	-0.161793	1.65091	0.0884137	16.0	0.0629735	1.29004	0.878107	17.0	0.121848	1.25288	0.548882	18.0	0.0528238	1.08748	0.177093	19.0	0.0421653	1.20084	0.141422	20.0	-0.0136333	1.32879	1.4094	21.0	-0.302094	1.35827	0.733182	22.0	-0.35941	1.36877	0.811567	23.0	0.238031	1.21877	0.727641	24.0	0.246363	1.25485	0.779615
50.707	0.0	0.0239255	1.27869	0.873126	1.0	0.00423853	1.32389	1.17769	2.0	-0.0251688	1.38143	1.47347	3.0	0.0456433	1.41304	1.598	4.0	-0.172331	1.37665	1.34505	5.0	-0.280401	1.33065	1.10305	6.0	-0.320882	1.37631	0.863436	7.0	-0.329383	1.38115	0.792073	8.0	0.142621	1.33346	1.35388	9.0	0.214911	1.24767	1.0931	10.0	0.246182	1.25871	0.866598	11.0	0.238925	1.2684	0.793105	12.0	-0.0634543	1.30757	0.877041	13.0	-0.128117	1.45928	0.553584	14.0	-0.13565	1.58922	0.206245	15.0	-0.161749	1.69837	0.14236	16.0	0.068071	1.30562	0.873919	17.0	0.110828	1.28262	0.538279	18.0	0.0520426	1.09866	0.174388	19.0	0.0452714	1.21083	0.137275	20.0	-0.0162156	1.36509	1.40074	21.0	-0.31506	1.36357	0.716792	22.0	-0.371099	1.37545	0.79027	23.0	0.23814	1.24711	0.725319	24.0	0.255136	1.28385	0.786032
50.74	0.0	0.0231234	1.31991	0.869868	1.0	-0.000451306	1.36252	1.1721	2.0	-0.0316378	1.41323	1.46675	3.0	0.036299	1.45699	1.58815	4.0	-0.177493	1.40971	1.3344	5.0	-0.283562	1.35479	1.09942	6.0	-0.333988	1.39771	0.843243	7.0	-0.34261	1.39817	0.78261	8.0	0.13525	1.38853	1.33968	9.0	0.215679	1.28572	1.08916	10.0	0.248942	1.3051	0.834218	11.0	0.238766	1.30025	0.783898	12.0	-0.0674236	1.34587	0.875263	13.0	-0.110767	1.50027	0.55075	14.0	-0.128216	1.65575	0.16075	15.0	-0.149322	1.77316	0.109002	16.0	0.0700737	1.34943	0.869202	17.0	0.0923779	1.32222	0.530736	18.0	0.0487769	1.11485	0.178638	19.0	0.0359519	1.22781	0.14218	20.0	-0.0224622	1.39891	1.39419	21.0	-0.338439	1.38333	0.712577	22.0	-0.387427	1.3947	0.784495	23.0	0.246041	1.28086	0.72061	24.0	0.252766	1.32221	0.786702
50.773	0.0	0.019373	1.35396	0.867606	1.0	-0.00607566	1.39911	1.16435	2.0	-0.0400957	1.45598	1.45193	3.0	0.0300997	1.48871	1.58284	4.0	-0.184415	1.44611	1.32448	5.0	-0.290176	1.38957	1.08205	6.0	-0.344689	1.42541	0.838079	7.0	-0.352965	1.42732	0.772274	8.0	0.133437	1.41026	1.34187	9.0	0.213847	1.31409	1.08823	10.0	0.23098	1.34097	0.876971	11.0	0.234629	1.33778	0.793325	12.0	-0.0709553	1.37871	0.87311	13.0	-0.117563	1.55165	0.556562	14.0	-0.126134	1.66602	0.153456	15.0	-0.145613	1.78377	0.102404	16.0	0.0655647	1.38402	0.867037	17.0	0.0807732	1.35457	0.528011	18.0	0.0459517	1.13204	0.185022	19.0	0.0371903	1.24426	0.147909	20.0	-0.0300961	1.43985	1.38133	21.0	-0.35123	1.41589	0.704994	22.0	-0.391639	1.41695	0.770917	23.0	0.246077	1.31966	0.717088	24.0	0.260213	1.35553	0.770753
50.808	0.0	0.0354986	1.38231	0.852125	1.0	-0.00367306	1.42637	1.15437	2.0	-0.0497108	1.48384	1.44685	3.0	0.017025	1.53223	1.57388	4.0	-0.191943	1.47521	1.31684	5.0	-0.293767	1.4139	1.07639	6.0	-0.35213	1.45507	0.826835	7.0	-0.358584	1.4552	0.757998	8.0	0.129268	1.46154	1.32454	9.0	0.211354	1.36368	1.07234	10.0	0.23896	1.38652	0.841801	11.0	0.233345	1.37792	0.787162	12.0	-0.0542273	1.40222	0.857644	13.0	-0.126078	1.58492	0.548985	14.0	-0.135037	1.69044	0.143725	15.0	-0.139552	1.80436	0.0898204	16.0	0.0804494	1.41747	0.85189	17.0	-0.0169314	1.46528	0.512628	18.0	0.00329428	1.19396	0.209339	19.0	-0.0117188	1.30673	0.172255	20.0	-0.0366388	1.46738	1.37498	21.0	-0.350094	1.44185	0.685611	22.0	-0.391955	1.43185	0.752459	23.0	0.242928	1.35959	0.714088	24.0	0.246927	1.39405	0.774646
50.841	0.0	0.0275601	1.42812	0.846406	1.0	-0.0123822	1.47372	1.14694	2.0	-0.0596838	1.52591	1.4399	3.0	0.00640731	1.56539	1.56767	4.0	-0.202059	1.51183	1.30749	5.0	-0.304181	1.45349	1.06668	6.0	-0.357341	1.49025	0.82092	7.0	-0.362359	1.49301	0.748328	8.0	0.118453	1.49586	1.32699	9.0	0.202418	1.40215	1.07359	10.0	0.235902	1.41377	0.846544	11.0	0.228938	1.41794	0.772675	12.0	-0.0638067	1.44935	0.84997	13.0	-0.108576	1.64515	0.545076	14.0	-0.119023	1.7229	0.134343	15.0	-0.13624	1.81292	0.0807019	16.0	0.0736452	1.46038	0.848432	17.0	-0.0404428	1.51107	0.513217	18.0	-0.0103531	1.22933	0.221136	19.0	-0.0245808	1.3421	0.184331	20.0	-0.046508	1.51143	1.36778	21.0	-0.354086	1.4788	0.677419	22.0	-0.395383	1.47695	0.740672	23.0	0.241283	1.39876	0.7111	24.0	0.245429	1.44402	0.772059
50.874	0.0	0.0175268	1.4544	0.846796	1.0	-0.0203591	1.49851	1.14616	2.0	-0.0669591	1.55387	1.43746	3.0	-0.00334451	1.59788	1.56917	4.0	-0.209973	1.53917	1.30406	5.0	-0.306798	1.48055	1.06455	6.0	-0.360189	1.52539	0.817568	7.0	-0.362427	1.53021	0.743297	8.0	0.10731	1.54481	1.3293	9.0	0.194346	1.43908	1.08258	10.0	0.224776	1.46768	0.846123	11.0	0.225113	1.46327	0.778978	12.0	-0.0750259	1.47282	0.849956	13.0	-0.125995	1.68737	0.455928	14.0	-0.116372	1.71188	0.118454	15.0	-0.135234	1.81285	0.0786818	16.0	0.0645236	1.4903	0.849359	17.0	-0.0413747	1.53336	0.511629	18.0	-0.0115455	1.24647	0.224713	19.0	-0.0315148	1.35912	0.187585	20.0	-0.0538262	1.53813	1.36583	21.0	-0.34652	1.51821	0.670517	22.0	-0.39116	1.50301	0.730843	23.0	0.230586	1.45216	0.715766	24.0	0.229653	1.49534	0.783244
50.908	0.0	-0.0145199	1.49881	0.846936	1.0	-0.0417464	1.53994	1.14928	2.0	-0.0768577	1.58691	1.44242	3.0	-0.0144588	1.6349	1.57283	4.0	-0.219623	1.5725	1.30476	5.0	-0.309256	1.52181	1.06684	6.0	-0.361655	1.56627	0.817931	7.0	-0.363522	1.57345	0.745555	8.0	0.1034	1.5676	1.32687	9.0	0.187101	1.48626	1.06822	10.0	0.208597	1.51237	0.857504	11.0	0.219674	1.5114	0.791255	12.0	-0.108347	1.5181	0.853532	13.0	-0.134038	1.70137	0.514193	14.0	-0.118128	1.71849	0.119215	15.0	-0.134858	1.81227	0.0775331	16.0	0.0336826	1.53323	0.846155	17.0	-0.097748	1.58489	0.515872	18.0	-0.0402951	1.2893	0.243823	19.0	-0.0576449	1.40234	0.207561	20.0	-0.0663517	1.57338	1.37042	21.0	-0.347566	1.56708	0.671484	22.0	-0.395298	1.55513	0.725645	23.0	0.221876	1.49411	0.716441	24.0	0.236045	1.51852	0.851274
50.941	0.0	-0.0308318	1.52115	0.850285	1.0	-0.0534652	1.56485	1.15249	2.0	-0.0855385	1.62107	1.44644	3.0	-0.0239914	1.66966	1.57959	4.0	-0.228492	1.60261	1.3102	5.0	-0.312525	1.55178	1.06689	6.0	-0.357885	1.61378	0.827482	7.0	-0.36173	1.62156	0.751133	8.0	0.0930697	1.61371	1.34052	9.0	0.178312	1.52536	1.085	10.0	0.201058	1.55126	0.873685	11.0	0.210019	1.55995	0.799495	12.0	-0.123418	1.53873	0.858547	13.0	-0.137136	1.71065	0.514665	14.0	-0.118641	1.72265	0.118879	15.0	-0.134483	1.81398	0.0765907	16.0	0.015944	1.55744	0.847692	17.0	-0.14609	1.71182	0.528165	18.0	-0.0562252	1.38567	0.306642	19.0	-0.0780925	1.4979	0.269146	20.0	-0.0760856	1.60522	1.37419	21.0	-0.34671	1.61479	0.679334	22.0	-0.39303	1.60286	0.741539	23.0	0.215749	1.54673	0.729953	24.0	0.228657	1.58116	0.817492
50.973	0.0	-0.0385344	1.54686	0.852246	1.0	-0.0603558	1.59123	1.15725	2.0	-0.0905741	1.64396	1.45312	3.0	-0.0307906	1.69218	1.5874	4.0	-0.23419	1.6268	1.31568	5.0	-0.313681	1.58582	1.0769	6.0	-0.351144	1.64425	0.834004	7.0	-0.352375	1.66658	0.762102	8.0	0.0903806	1.62923	1.34022	9.0	0.178849	1.5496	1.08256	10.0	0.202214	1.60072	0.875655	11.0	0.201872	1.60462	0.810008	12.0	-0.130485	1.56484	0.861415	13.0	-0.139736	1.71856	0.515159	14.0	-0.119397	1.72442	0.119836	15.0	-0.133338	1.81415	0.075854	16.0	0.00748864	1.58235	0.848842	17.0	-0.147201	1.71382	0.52483	18.0	-0.0553153	1.38679	0.305601	19.0	-0.0750392	1.49907	0.268395	20.0	-0.0815256	1.62909	1.38045	21.0	-0.343927	1.66962	0.693469	22.0	-0.382701	1.64813	0.728018	23.0	0.206401	1.59652	0.739705	24.0	0.214646	1.6326	0.810512
51.007	0.0	-0.0230364	1.57722	0.863211	1.0	-0.055105	1.61524	1.1659	2.0	-0.0933076	1.66547	1.46079	3.0	-0.0367257	1.72103	1.5974	4.0	-0.238808	1.65267	1.32436	5.0	-0.318886	1.61855	1.08701	6.0	-0.341202	1.6876	0.844909	7.0	-0.344312	1.71307	0.770703	8.0	0.0922686	1.64957	1.3457	9.0	0.181878	1.58107	1.09328	10.0	0.200879	1.62919	0.884988	11.0	0.200184	1.64684	0.823921	12.0	-0.113815	1.59807	0.870785	13.0	-0.142323	1.7228	0.516285	14.0	-0.118924	1.72455	0.121666	15.0	-0.130689	1.80967	0.0761518	16.0	0.0212261	1.60956	0.861043	17.0	-0.148394	1.71836	0.522078	18.0	-0.0499177	1.39494	0.300583	19.0	-0.0684276	1.50732	0.264092	20.0	-0.0823381	1.65102	1.38828	21.0	-0.324902	1.72017	0.702983	22.0	-0.379032	1.73386	0.758033	23.0	0.197035	1.64559	0.759023	24.0	0.210844	1.66934	0.815475
51.041	0.0	-0.0124605	1.60199	0.871951	1.0	-0.0519659	1.64411	1.17643	2.0	-0.100337	1.69672	1.47238	3.0	-0.039436	1.74258	1.60503	4.0	-0.242245	1.67807	1.333	5.0	-0.322294	1.64948	1.10459	6.0	-0.334952	1.73706	0.85476	7.0	-0.338964	1.76199	0.785716	8.0	0.0855361	1.68383	1.35778	9.0	0.17771	1.60294	1.10146	10.0	0.195175	1.67857	0.900023	11.0	0.195037	1.69059	0.839215	12.0	-0.105041	1.62181	0.876418	13.0	-0.145561	1.7272	0.521243	14.0	-0.119511	1.72461	0.126817	15.0	-0.131165	1.80551	0.0775112	16.0	0.0330342	1.63474	0.872954	17.0	-0.15109	1.72243	0.509873	18.0	-0.0444814	1.41094	0.275465	19.0	-0.0652424	1.52287	0.238807	20.0	-0.0866546	1.68176	1.39964	21.0	-0.326992	1.77019	0.717663	22.0	-0.38033	1.78278	0.781321	23.0	0.195388	1.69032	0.772187	24.0	0.192211	1.72396	0.848313
51.074	0.0	0.00122996	1.63311	0.885799	1.0	-0.0492015	1.67187	1.18718	2.0	-0.106697	1.72238	1.48067	3.0	-0.047004	1.77364	1.61671	4.0	-0.246414	1.70943	1.34002	5.0	-0.328277	1.69003	1.11998	6.0	-0.340397	1.78636	0.87269	7.0	-0.337478	1.81462	0.800468	8.0	0.0811161	1.70135	1.36803	9.0	0.169844	1.63752	1.1154	10.0	0.19102	1.7028	0.911176	11.0	0.189818	1.72744	0.852511	12.0	-0.0925147	1.65575	0.884664	13.0	-0.14801	1.731	0.522573	14.0	-0.119976	1.72504	0.129277	15.0	-0.131738	1.80604	0.0774579	16.0	0.0473413	1.66304	0.892131	17.0	-0.149832	1.73332	0.470206	18.0	-0.0363619	1.42205	0.239246	19.0	-0.0535379	1.53397	0.203518	20.0	-0.0908478	1.70791	1.40854	21.0	-0.323494	1.82531	0.737695	22.0	-0.373054	1.83524	0.787099	23.0	0.192586	1.72884	0.787926	24.0	0.186045	1.7592	0.864802
51.107	0.0	0.00286128	1.64534	0.890677	1.0	-0.0492518	1.68747	1.19322	2.0	-0.109528	1.73925	1.48686	3.0	-0.0504795	1.78805	1.62116	4.0	-0.247431	1.73131	1.34498	5.0	-0.3272	1.71059	1.11821	6.0	-0.338241	1.82407	0.881255	7.0	-0.330499	1.86213	0.814394	8.0	0.0738542	1.72579	1.37958	9.0	0.16835	1.65069	1.12162	10.0	0.191345	1.72672	0.920866	11.0	0.189277	1.75626	0.863595	12.0	-0.0914174	1.66843	0.888755	13.0	-0.148469	1.73245	0.523055	14.0	-0.120178	1.72566	0.134639	15.0	-0.131839	1.80624	0.0774949	16.0	0.0490563	1.67398	0.897336	17.0	0.0919224	1.63308	0.564606	18.0	0.0350812	1.40418	0.227232	19.0	0.0170073	1.51559	0.191086	20.0	-0.0929671	1.72464	1.41478	21.0	-0.313572	1.8795	0.754205	22.0	-0.364806	1.88205	0.801439	23.0	0.19212	1.76256	0.803471	24.0	0.190153	1.79052	0.876008
51.141	0.0	0.004473	1.65786	0.894483	1.0	-0.0490907	1.70368	1.19791	2.0	-0.111433	1.75951	1.49238	3.0	-0.0527825	1.80711	1.62727	4.0	-0.248652	1.75211	1.34978	5.0	-0.328621	1.74617	1.13755	6.0	-0.329141	1.86201	0.900345	7.0	-0.3241	1.91059	0.826788	8.0	0.0734443	1.73713	1.3896	9.0	0.167707	1.66927	1.12893	10.0	0.192973	1.74318	0.927744	11.0	0.191096	1.77678	0.873881	12.0	-0.0892802	1.68257	0.892698	13.0	-0.148986	1.73579	0.525859	14.0	-0.119409	1.72481	0.137422	15.0	-0.131511	1.8059	0.0774813	16.0	0.0499258	1.68474	0.900892	17.0	0.0801294	1.65183	0.557791	18.0	0.0254173	1.44296	0.206852	19.0	0.00996343	1.55379	0.170711	20.0	-0.0943119	1.74385	1.4201	21.0	-0.302557	1.92758	0.768719	22.0	-0.355488	1.92549	0.814522	23.0	0.191753	1.7844	0.811139	24.0	0.192176	1.81093	0.890013
51.173	0.0	0.00373579	1.67238	0.896925	1.0	-0.0494126	1.71808	1.20097	2.0	-0.111237	1.77315	1.49582	3.0	-0.0562419	1.8207	1.63069	4.0	-0.248048	1.77099	1.35279	5.0	-0.330308	1.76753	1.13965	6.0	-0.33036	1.90135	0.915656	7.0	-0.317357	1.95559	0.841847	8.0	0.0750962	1.75207	1.39926	9.0	0.166431	1.68698	1.13627	10.0	0.194207	1.75427	0.93333	11.0	0.192847	1.7925	0.878456	12.0	-0.0899106	1.69831	0.894591	13.0	-0.148838	1.73854	0.526623	14.0	-0.118201	1.72178	0.139841	15.0	-0.131559	1.80533	0.0775228	16.0	0.0488165	1.69783	0.903782	17.0	0.0803791	1.66903	0.542358	18.0	0.0140241	1.47708	0.183031	19.0	0.0275981	1.50807	0.0873737	20.0	-0.09426	1.75774	1.42347	21.0	-0.297641	1.9792	0.785329	22.0	-0.34711	1.96511	0.823608	23.0	0.1907	1.79914	0.815752	24.0	0.191116	1.82848	0.896545
51.208	0.0	0.00198765	1.68908	0.898134	1.0	-0.0508532	1.73809	1.20319	2.0	-0.1123	1.79673	1.49911	3.0	-0.0578728	1.83623	1.63415	4.0	-0.248589	1.79281	1.35579	5.0	-0.331435	1.79777	1.14631	6.0	-0.326718	1.93685	0.941956	7.0	-0.313853	1.99719	0.859998	8.0	0.0739523	1.76918	1.40103	9.0	0.167046	1.70189	1.13928	10.0	0.196273	1.77279	0.937619	11.0	0.192877	1.80838	0.882666	12.0	-0.0923774	1.71598	0.896376	13.0	-0.148976	1.74211	0.525405	14.0	-0.118357	1.72104	0.140261	15.0	-0.13133	1.80512	0.0775096	16.0	0.047477	1.7133	0.904474	17.0	0.0340492	1.70655	0.507015	18.0	-0.00664166	1.53066	0.136494	19.0	0.0513974	1.61342	0.0935924	20.0	-0.0954263	1.78043	1.42649	21.0	-0.293247	2.02638	0.800587	22.0	-0.34048	2.0029	0.833015	23.0	0.193117	1.81747	0.821476	24.0	0.195407	1.84133	0.899811
51.24	0.0	-0.00173505	1.70577	0.897883	1.0	-0.053361	1.75589	1.20425	2.0	-0.113648	1.81538	1.50135	3.0	-0.0561858	1.86198	1.63662	4.0	-0.250084	1.81312	1.35655	5.0	-0.33361	1.82335	1.1509	6.0	-0.321194	1.99143	0.93412	7.0	-0.306655	2.04349	0.864883	8.0	0.0739996	1.7833	1.40129	9.0	0.166641	1.71931	1.13821	10.0	0.196011	1.7867	0.935454	11.0	0.194187	1.81666	0.881701	12.0	-0.0956732	1.73373	0.89858	13.0	-0.146135	1.74814	0.501278	14.0	-0.118167	1.72084	0.140361	15.0	-0.131893	1.80575	0.0772579	16.0	0.0430924	1.72904	0.901911	17.0	0.0528566	1.72049	0.49689	18.0	0.055269	1.65599	0.127294	19.0	0.0925613	1.69292	0.0729026	20.0	-0.0970573	1.79889	1.42845	21.0	-0.283709	2.07274	0.813538	22.0	-0.32134	2.03637	0.829652	23.0	0.192961	1.82344	0.820145	24.0	0.194631	1.854	0.895641
51.273	0.0	-0.00627591	1.72188	0.895986	1.0	-0.0544285	1.76994	1.20416	2.0	-0.111863	1.82804	1.50265	3.0	-0.0562616	1.86935	1.63788	4.0	-0.249436	1.83126	1.35804	5.0	-0.330654	1.8494	1.15153	6.0	-0.319914	2.00831	0.946234	7.0	-0.300349	2.07684	0.879432	8.0	0.0752384	1.79876	1.40223	9.0	0.167405	1.73178	1.13972	10.0	0.196146	1.79071	0.934458	11.0	0.196094	1.82265	0.88118	12.0	-0.0994418	1.75095	0.899602	13.0	-0.1439	1.75016	0.497122	14.0	-0.117106	1.72096	0.140245	15.0	-0.131827	1.80577	0.0772461	16.0	0.0375603	1.74402	0.897169	17.0	0.0555224	1.74001	0.478966	18.0	0.0454697	1.68328	0.130366	19.0	0.0927809	1.75318	0.0784297	20.0	-0.0959516	1.81184	1.42943	21.0	-0.275689	2.11145	0.826628	22.0	-0.311058	2.07364	0.831976	23.0	0.192101	1.82925	0.81654	24.0	0.201502	1.85902	0.885843
51.307	0.0	-0.0235615	1.75244	0.894584	1.0	-0.0601811	1.79344	1.20478	2.0	-0.109302	1.84642	1.50467	3.0	-0.0527977	1.8908	1.63861	4.0	-0.246878	1.8528	1.35741	5.0	-0.327774	1.87052	1.15059	6.0	-0.309403	2.06235	0.945287	7.0	-0.291159	2.11628	0.881869	8.0	0.0719461	1.81908	1.40445	9.0	0.165121	1.7513	1.14236	10.0	0.195199	1.79592	0.934177	11.0	0.193954	1.82814	0.876167	12.0	-0.121199	1.7821	0.901037	13.0	-0.135908	1.75735	0.45806	14.0	-0.116738	1.72145	0.139131	15.0	-0.13232	1.80764	0.0771294	16.0	0.0242851	1.77339	0.893193	17.0	0.0534632	1.77207	0.46307	18.0	0.0416368	1.73565	0.122427	19.0	0.0744721	1.81776	0.0830759	20.0	-0.0952656	1.83126	1.43114	21.0	-0.26552	2.14826	0.836681	22.0	-0.308969	2.11006	0.847511	23.0	0.193621	1.83111	0.810694	24.0	0.200511	1.86388	0.886137
51.34	0.0	-0.0170279	1.75929	0.896094	1.0	-0.0565661	1.80352	1.20663	2.0	-0.107327	1.85904	1.5072	3.0	-0.0509227	1.89868	1.63902	4.0	-0.244042	1.86935	1.35693	5.0	-0.32624	1.9004	1.15109	6.0	-0.306239	2.07939	0.949089	7.0	-0.282872	2.14062	0.892207	8.0	0.0780557	1.82769	1.40391	9.0	0.167202	1.75826	1.14059	10.0	0.195034	1.8017	0.93173	11.0	0.194737	1.8343	0.880233	12.0	-0.114248	1.78888	0.90191	13.0	-0.137739	1.76678	0.48013	14.0	-0.116225	1.72228	0.13973	15.0	-0.132541	1.80706	0.0781683	16.0	0.0304021	1.78012	0.895193	17.0	0.0570846	1.79964	0.465849	18.0	0.0515468	1.7906	0.126371	19.0	0.0591285	1.86269	0.080433	20.0	-0.0929194	1.8435	1.43351	21.0	-0.256096	2.17504	0.843711	22.0	-0.294379	2.13344	0.852294	23.0	0.195792	1.84462	0.810895	24.0	0.20437	1.86491	0.884273
51.374	0.0	-0.0134547	1.77825	0.897345	1.0	-0.052758	1.82304	1.20792	2.0	-0.102261	1.87661	1.5085	3.0	-0.0411086	1.92252	1.64143	4.0	-0.239363	1.88972	1.35782	5.0	-0.317988	1.92606	1.14361	6.0	-0.298837	2.10027	0.954398	7.0	-0.274882	2.16367	0.897379	8.0	0.0791814	1.84894	1.3994	9.0	0.170339	1.76783	1.14079	10.0	0.192448	1.84211	0.888633	11.0	0.198967	1.8462	0.877505	12.0	-0.110655	1.80569	0.903221	13.0	-0.136735	1.7716	0.484333	14.0	-0.116358	1.72305	0.146002	15.0	-0.132564	1.80631	0.0791124	16.0	0.033626	1.80084	0.896262	17.0	0.0589621	1.83572	0.46697	18.0	0.0519072	1.81213	0.13019	19.0	0.0628414	1.87211	0.0777715	20.0	-0.0882361	1.86164	1.43481	21.0	-0.246577	2.19853	0.848567	22.0	-0.287603	2.15487	0.860216	23.0	0.209207	1.86032	0.831648	24.0	0.211878	1.86548	0.86545
51.408	0.0	-0.00551999	1.7948	0.898173	1.0	-0.0467599	1.83804	1.20893	2.0	-0.0973843	1.89049	1.50972	3.0	-0.0355207	1.93425	1.6438	4.0	-0.236262	1.90469	1.3574	5.0	-0.313776	1.94225	1.1408	6.0	-0.290847	2.11639	0.958922	7.0	-0.265309	2.18176	0.899898	8.0	0.0775606	1.86146	1.4015	9.0	0.170762	1.78059	1.14347	10.0	0.19856	1.83011	0.935544	11.0	0.199924	1.83995	0.907387	12.0	-0.102338	1.82186	0.903856	13.0	-0.139469	1.78034	0.492611	14.0	-0.115981	1.72362	0.148073	15.0	-0.130564	1.80583	0.0795376	16.0	0.0408427	1.8173	0.89725	17.0	0.0619252	1.86451	0.480843	18.0	0.0596925	1.85629	0.141835	19.0	0.0704481	1.92174	0.0758485	20.0	-0.0831203	1.87582	1.43598	21.0	-0.233805	2.21566	0.849267	22.0	-0.277182	2.17668	0.857946	23.0	0.210287	1.87046	0.85638	24.0	0.205498	1.85193	0.913912
51.44	0.0	-0.00284301	1.82097	0.899494	1.0	-0.0422617	1.85878	1.21002	2.0	-0.0913859	1.90638	1.51057	3.0	-0.0273626	1.95205	1.64224	4.0	-0.231687	1.92352	1.35747	5.0	-0.308985	1.96047	1.14035	6.0	-0.280728	2.14346	0.95442	7.0	-0.259222	2.19751	0.900865	8.0	0.0861611	1.87436	1.40229	9.0	0.180379	1.79293	1.14476	10.0	0.198348	1.83321	0.933625	11.0	0.195425	1.84356	0.925248	12.0	-0.0994877	1.85011	0.905023	13.0	-0.139541	1.79357	0.499283	14.0	-0.114962	1.72637	0.147236	15.0	-0.111042	1.81989	0.0806748	16.0	0.0429368	1.84099	0.89869	17.0	0.0639257	1.89164	0.488563	18.0	0.057848	1.87143	0.143941	19.0	0.0782323	1.95238	0.0784983	20.0	-0.0774755	1.89285	1.43688	21.0	-0.228559	2.23272	0.850439	22.0	-0.273953	2.19264	0.861786	23.0	0.183939	1.87036	0.902402	24.0	0.195117	1.85732	0.92384
51.473	0.0	0.00419385	1.83807	0.897362	1.0	-0.0351837	1.87424	1.2096	2.0	-0.0841516	1.9196	1.51161	3.0	-0.0255222	1.95605	1.64271	4.0	-0.22644	1.93906	1.35759	5.0	-0.302299	1.98007	1.13606	6.0	-0.277293	2.14779	0.956118	7.0	-0.250464	2.20822	0.897572	8.0	0.0900594	1.89133	1.40081	9.0	0.184528	1.80917	1.14349	10.0	0.198652	1.8435	0.930985	11.0	0.198912	1.85563	0.927585	12.0	-0.0933007	1.86568	0.902677	13.0	-0.135604	1.80892	0.499839	14.0	-0.114492	1.72776	0.147219	15.0	-0.115757	1.81789	0.0805862	16.0	0.0504517	1.85916	0.896895	17.0	0.0658044	1.91154	0.487842	18.0	0.0571443	1.89073	0.142671	19.0	0.0778769	1.9623	0.0784775	20.0	-0.0702831	1.9067	1.43759	21.0	-0.219952	2.2426	0.847899	22.0	-0.260111	2.19014	0.866031	23.0	0.182504	1.87522	0.908657	24.0	0.196173	1.86087	0.935054
51.508	0.0	0.00237812	1.87267	0.891834	1.0	-0.0308968	1.89747	1.20755	2.0	-0.0753151	1.93501	1.51189	3.0	-0.0102025	1.9802	1.64079	4.0	-0.220761	1.95563	1.35775	5.0	-0.298388	1.99502	1.1334	6.0	-0.272875	2.15658	0.956148	7.0	-0.245108	2.21664	0.893912	8.0	0.0961285	1.91081	1.39609	9.0	0.190752	1.82847	1.13876	10.0	0.143087	1.90176	0.857672	11.0	0.154415	1.92335	0.790121	12.0	-0.0942311	1.89695	0.898674	13.0	-0.130969	1.8313	0.497068	14.0	-0.113305	1.72972	0.146207	15.0	-0.110633	1.82107	0.0801086	16.0	0.0471047	1.89664	0.889939	17.0	0.0649153	1.9307	0.490507	18.0	0.0559411	1.90045	0.142171	19.0	0.078834	1.96508	0.0764932	20.0	-0.0625438	1.92375	1.43736	21.0	-0.214219	2.25078	0.843979	22.0	-0.256535	2.20163	0.862346	23.0	0.137976	1.94284	0.771805	24.0	0.151616	1.92834	0.799017
51.54	0.0	0.000299196	1.89277	0.88959	1.0	-0.027311	1.91502	1.20685	2.0	-0.0655945	1.94841	1.51301	3.0	-0.00348533	1.98669	1.64056	4.0	-0.213611	1.96986	1.35729	5.0	-0.293785	2.00261	1.13234	6.0	-0.261799	2.1702	0.945584	7.0	-0.238348	2.22049	0.887088	8.0	0.10384	1.92361	1.39561	9.0	0.19851	1.84113	1.13818	10.0	0.145977	1.92836	0.861367	11.0	0.1399	2.00027	0.731515	12.0	-0.0968827	1.92011	0.897199	13.0	-0.128589	1.85644	0.485373	14.0	-0.112106	1.73239	0.143394	15.0	-0.111719	1.81944	0.0797429	16.0	0.0453386	1.91343	0.88724	17.0	0.0699406	1.9495	0.482327	18.0	0.0561574	1.90716	0.136831	19.0	0.0770488	1.96528	0.0748812	20.0	-0.0544197	1.93824	1.438	21.0	-0.206686	2.25392	0.836752	22.0	-0.251145	2.21008	0.848471	23.0	0.128456	2.00922	0.72245	24.0	0.136841	2.00479	0.741079
51.574	0.0	0.00281534	1.91757	0.886266	1.0	-0.021402	1.93571	1.20575	2.0	-0.0562073	1.96389	1.51403	3.0	0.000676645	1.99196	1.64292	4.0	-0.20341	1.98993	1.35831	5.0	-0.28885	2.01253	1.13335	6.0	-0.261448	2.1711	0.946012	7.0	-0.23838	2.222	0.880677	8.0	0.112759	1.93957	1.39588	9.0	0.207411	1.85691	1.13833	10.0	0.151137	1.92807	0.857794	11.0	0.162464	1.94966	0.790241	12.0	-0.0926551	1.9461	0.893049	13.0	-0.127628	1.90038	0.487496	14.0	-0.113952	1.74183	0.139607	15.0	-0.114002	1.81966	0.0802106	16.0	0.0458821	1.93639	0.884777	17.0	0.0724921	1.96144	0.477832	18.0	0.0566804	1.91219	0.134293	19.0	0.0767481	1.96707	0.0735746	20.0	-0.045814	1.95519	1.43852	21.0	-0.209577	2.25334	0.828113	22.0	-0.255594	2.2144	0.844957	23.0	0.151063	1.95873	0.780893	24.0	0.159502	1.95445	0.799148
51.608	0.0	0.0137832	1.94504	0.883008	1.0	-0.0100569	1.95766	1.2049	2.0	-0.0440378	1.98015	1.51543	3.0	0.0295514	2.02504	1.64192	4.0	-0.194693	2.00322	1.36031	5.0	-0.282001	2.02104	1.13695	6.0	-0.260047	2.17129	0.945293	7.0	-0.238049	2.21939	0.873344	8.0	0.124589	1.95586	1.39694	9.0	0.219198	1.87301	1.13927	10.0	0.152676	1.98652	0.873974	11.0	0.124267	2.03906	0.819473	12.0	-0.0801162	1.96766	0.890235	13.0	-0.136026	1.95143	0.493005	14.0	-0.113014	1.76558	0.137612	15.0	-0.116703	1.82669	0.0789447	16.0	0.0542908	1.9701	0.881145	17.0	0.0756085	1.97423	0.470016	18.0	0.0596058	1.92068	0.128056	19.0	0.0764965	1.96964	0.0731447	20.0	-0.0338627	1.97291	1.43937	21.0	-0.210475	2.24737	0.81864	22.0	-0.257741	2.20777	0.846681	23.0	0.118288	2.05255	0.748352	24.0	0.122372	2.05287	0.787839
51.641	0.0	0.031722	1.97323	0.885778	1.0	0.00457428	1.98136	1.20707	2.0	-0.0322647	1.99855	1.51735	3.0	0.0303362	2.02579	1.64354	4.0	-0.183704	2.0208	1.36297	5.0	-0.277145	2.02853	1.13887	6.0	-0.258916	2.17144	0.944083	7.0	-0.241442	2.21476	0.866973	8.0	0.136239	1.9743	1.39873	9.0	0.230795	1.89125	1.1409	10.0	0.159518	1.99849	0.874088	11.0	0.133226	2.05784	0.806676	12.0	-0.0617647	1.99944	0.893279	13.0	-0.13997	2.00542	0.507847	14.0	-0.11479	1.80402	0.152571	15.0	-0.127309	1.85267	0.0814262	16.0	0.0709967	1.99289	0.883598	17.0	0.0850048	1.99445	0.471076	18.0	0.0601573	1.92209	0.126711	19.0	0.0776605	1.97039	0.0720034	20.0	-0.0213973	1.99273	1.44133	21.0	-0.21555	2.24026	0.809394	22.0	-0.267712	2.2226	0.840687	23.0	0.123189	2.06773	0.748379	24.0	0.130241	2.06418	0.793395
51.673	0.0	0.0446831	2.00264	0.888516	1.0	0.0162645	2.00653	1.20856	2.0	-0.0218144	2.01935	1.51784	3.0	0.0375243	2.03777	1.64911	4.0	-0.176428	2.03937	1.3647	5.0	-0.272958	2.03895	1.14047	6.0	-0.259036	2.17142	0.943901	7.0	-0.24863	2.21069	0.860639	8.0	0.146588	1.99506	1.39915	9.0	0.241085	1.91181	1.14117	10.0	0.0721965	1.99844	0.911128	11.0	0.0438402	2.08848	0.84566	12.0	-0.0515798	2.02594	0.893196	13.0	-0.145998	2.06716	0.530792	14.0	-0.120168	1.86546	0.175441	15.0	-0.0896364	1.91732	0.0936876	16.0	0.0867284	2.02469	0.889477	17.0	0.104105	2.03401	0.501913	18.0	0.0597116	1.92382	0.122643	19.0	0.0798056	1.97177	0.0703038	20.0	-0.0106392	2.01466	1.44204	21.0	-0.222927	2.23288	0.798563	22.0	-0.269368	2.19471	0.843067	23.0	0.0278824	2.09417	0.824419	24.0	0.0303679	2.09992	0.819859
51.707	0.0	0.0541097	2.02825	0.895288	1.0	0.0251843	2.03037	1.21256	2.0	-0.0133719	2.04122	1.51919	3.0	0.0535632	2.06712	1.64745	4.0	-0.16984	2.05829	1.36674	5.0	-0.267933	2.04908	1.13856	6.0	-0.257755	2.16958	0.933008	7.0	-0.251633	2.2029	0.848231	8.0	0.154957	2.01688	1.40046	9.0	0.249344	1.93346	1.14245	10.0	0.0784776	2.0155	0.9122	11.0	0.0469251	2.10796	0.835552	12.0	-0.0407906	2.0507	0.897736	13.0	-0.144814	2.10528	0.530105	14.0	-0.120655	1.90385	0.174319	15.0	-0.0892912	1.94977	0.0917734	16.0	0.0939712	2.05006	0.898002	17.0	0.127185	2.06316	0.556043	18.0	0.0682064	1.94294	0.163575	19.0	0.0856637	1.98852	0.0749804	20.0	-0.0020784	2.03704	1.44404	21.0	-0.228175	2.22189	0.786664	22.0	-0.221299	2.11616	0.846114	23.0	0.040026	2.11239	0.821723	24.0	0.0349177	2.1193	0.822721
51.74	0.0	0.0578065	2.05267	0.898782	1.0	0.0301811	2.05693	1.21488	2.0	-0.00708728	2.06969	1.51999	3.0	0.0589946	2.08444	1.65198	4.0	-0.163589	2.08212	1.36693	5.0	-0.263669	2.06275	1.13623	6.0	-0.265652	2.17539	0.908219	7.0	-0.25604	2.19651	0.84074	8.0	0.161167	2.04528	1.40122	9.0	0.255425	1.96168	1.14317	10.0	0.0846461	2.04452	0.913091	11.0	0.0639508	2.12215	0.841898	12.0	-0.037005	2.07184	0.898492	13.0	-0.140858	2.16255	0.52726	14.0	-0.107397	1.98123	0.161262	15.0	-0.127871	2.02707	0.0903456	16.0	0.0970647	2.07768	0.9045	17.0	0.157608	2.08271	0.569468	18.0	0.100647	1.97904	0.171561	19.0	0.0996489	2.0046	0.0746231	20.0	0.00389237	2.06507	1.44526	21.0	-0.233709	2.21098	0.776379	22.0	-0.176506	2.17435	0.854501	23.0	0.051719	2.10307	0.763899	24.0	0.0690578	2.12983	0.849527
51.773	0.0	0.0672788	2.07659	0.89842	1.0	0.0370684	2.08115	1.21475	2.0	-0.00290807	2.09418	1.5201	3.0	0.0658266	2.11156	1.65076	4.0	-0.160382	2.10633	1.36813	5.0	-0.261193	2.07642	1.13145	6.0	-0.268396	2.17801	0.897166	7.0	-0.252503	2.18706	0.836062	8.0	0.165287	2.06971	1.40129	9.0	0.259438	1.98595	1.14321	10.0	0.0884653	2.06829	0.913072	11.0	0.0725318	2.14313	0.840907	12.0	-0.0272776	2.0955	0.896843	13.0	-0.137057	2.19877	0.536408	14.0	-0.103179	2.0714	0.146881	15.0	-0.122776	2.12759	0.0824323	16.0	0.105724	2.10066	0.90513	17.0	0.0483701	1.96017	0.463172	18.0	0.0874434	2.00481	0.101102	19.0	0.0729877	2.11218	0.0725563	20.0	0.00876608	2.0895	1.44531	21.0	-0.249177	2.20017	0.768007	22.0	-0.178453	2.17717	0.85405	23.0	0.0611987	2.12633	0.76592	24.0	0.0838527	2.14764	0.813877
51.808	0.0	0.0685294	2.09737	0.885604	1.0	0.0388594	2.10762	1.207	2.0	-0.00074872	2.12821	1.51793	3.0	0.0670809	2.14799	1.6483	4.0	-0.158421	2.13198	1.36809	5.0	-0.261412	2.09853	1.12338	6.0	-0.27586	2.1781	0.896624	7.0	-0.256851	2.18293	0.830554	8.0	0.147733	2.15167	1.3529	9.0	0.241497	2.06756	1.09502	10.0	-0.0234866	2.18471	1.17354	11.0	-0.0884017	2.18839	1.20066	12.0	-0.0282462	2.10873	0.887813	13.0	-0.13054	2.24874	0.518571	14.0	-0.092769	2.16561	0.116601	15.0	-0.118372	2.23649	0.0665501	16.0	0.109797	2.13047	0.888161	17.0	0.0557012	1.97903	0.450499	18.0	0.0426635	1.90664	0.0966092	19.0	0.0295789	1.98485	0.0510053	20.0	0.010857	2.12149	1.44166	21.0	-0.262971	2.19214	0.756849	22.0	-0.188227	2.18699	0.842298	23.0	-0.135477	2.19128	1.249	24.0	-0.124633	2.15235	1.13233
51.841	0.0	0.0628549	2.11281	0.877848	1.0	0.0351661	2.1317	1.20066	2.0	-0.00198185	2.16035	1.51325	3.0	0.0663247	2.18064	1.64366	4.0	-0.157747	2.16322	1.36435	5.0	-0.261795	2.11484	1.12076	6.0	-0.287092	2.1794	0.892166	7.0	-0.287792	2.18718	0.818577	8.0	0.148728	2.16815	1.3603	9.0	0.242444	2.08391	1.10233	10.0	-0.0265475	2.19796	1.17133	11.0	-0.0911055	2.211	1.19317	12.0	-0.0308505	2.11956	0.882929	13.0	-0.123551	2.2749	0.541491	14.0	-0.0924764	2.25679	0.130146	15.0	-0.112361	2.32301	0.0777288	16.0	0.0996996	2.14906	0.878095	17.0	0.059623	1.98617	0.445083	18.0	0.0533747	1.91868	0.101749	19.0	0.0384266	1.9883	0.0487464	20.0	0.00898009	2.15178	1.4366	21.0	-0.271831	2.19214	0.746876	22.0	-0.198668	2.18206	0.822657	23.0	-0.137694	2.21088	1.24093	24.0	-0.133538	2.1637	1.13045
51.874	0.0	0.0504627	2.13501	0.874471	1.0	0.0278983	2.1637	1.19512	2.0	-0.00373904	2.20251	1.50406	3.0	0.0605096	2.22402	1.63533	4.0	-0.157389	2.19575	1.35769	5.0	-0.265493	2.14001	1.11398	6.0	-0.301562	2.1872	0.885479	7.0	-0.311225	2.1961	0.808967	8.0	0.136023	2.21881	1.35476	9.0	0.229564	2.1343	1.0967	10.0	-0.0433254	2.24069	1.16262	11.0	-0.104446	2.23824	1.19656	12.0	-0.0431102	2.13977	0.880534	13.0	-0.11309	2.31624	0.532143	14.0	-0.10079	2.34517	0.152464	15.0	-0.110567	2.4103	0.101713	16.0	0.0874858	2.17203	0.874292	17.0	0.0672091	2.00267	0.444513	18.0	0.0546634	1.92093	0.102633	19.0	0.0817361	2.00064	0.0719191	20.0	0.00581602	2.19131	1.42849	21.0	-0.295381	2.19397	0.739716	22.0	-0.316891	2.23523	0.805743	23.0	-0.156053	2.23475	1.25123	24.0	-0.138151	2.19087	1.13022
51.907	0.0	0.0479298	2.16231	0.873292	1.0	0.0255698	2.19525	1.19037	2.0	-0.00719469	2.23461	1.49612	3.0	0.0579966	2.27468	1.61805	4.0	-0.161	2.22682	1.34869	5.0	-0.270166	2.16441	1.10382	6.0	-0.308919	2.19576	0.876368	7.0	-0.32109	2.20632	0.803579	8.0	0.136786	2.24717	1.34584	9.0	0.230187	2.16248	1.08782	10.0	-0.0407654	2.27218	1.15633	11.0	-0.101883	2.27159	1.18602	12.0	-0.0475263	2.16568	0.879065	13.0	-0.102195	2.34174	0.521616	14.0	-0.108425	2.42069	0.191498	15.0	-0.124599	2.49054	0.143841	16.0	0.0863105	2.20064	0.873574	17.0	-0.0471495	2.21546	0.500034	18.0	0.0343683	1.97797	0.1795	19.0	0.0701984	1.99334	0.0978039	20.0	0.0027804	2.22363	1.42127	21.0	-0.310597	2.20143	0.733101	22.0	-0.268552	2.22015	0.797872	23.0	-0.15324	2.27067	1.24202	24.0	-0.131924	2.22973	1.11656
51.94	0.0	0.00471784	2.20015	0.86528	1.0	-0.00039046	2.23721	1.18012	2.0	-0.0165367	2.2797	1.484	3.0	0.0408259	2.29653	1.61891	4.0	-0.16837	2.26329	1.33726	5.0	-0.276533	2.19231	1.09603	6.0	-0.317835	2.2139	0.871238	7.0	-0.332922	2.22377	0.799355	8.0	0.122903	2.29332	1.34626	9.0	0.216164	2.20836	1.08811	10.0	-0.0541405	2.32074	1.15496	11.0	-0.112789	2.30743	1.1909	12.0	-0.0927754	2.20061	0.877818	13.0	-0.0993289	2.36334	0.522563	14.0	-0.108394	2.48389	0.223408	15.0	-0.131766	2.56155	0.183137	16.0	0.044956	2.24094	0.859299	17.0	-0.0514999	2.24625	0.511112	18.0	0.0298035	1.99779	0.199014	19.0	0.0619985	2.00026	0.116592	20.0	-0.0103496	2.26734	1.40977	21.0	-0.32655	2.21634	0.723923	22.0	-0.287939	2.23588	0.821804	23.0	-0.16739	2.31079	1.25498	24.0	-0.136152	2.26462	1.11269
51.973	0.0	0.0261471	2.24056	0.859881	1.0	0.00655754	2.27086	1.17198	2.0	-0.0219474	2.31325	1.47211	3.0	0.02338	2.3495	1.5996	4.0	-0.174856	2.29417	1.32721	5.0	-0.281155	2.22091	1.08054	6.0	-0.323036	2.23639	0.865971	7.0	-0.342026	2.24541	0.788973	8.0	0.10302	2.33825	1.33186	9.0	0.196118	2.25306	1.0737	10.0	-0.0710552	2.36138	1.15179	11.0	-0.126592	2.34424	1.20179	12.0	-0.0737965	2.23692	0.866895	13.0	-0.0994426	2.38377	0.540244	14.0	-0.104729	2.56032	0.159761	15.0	-0.144217	2.66372	0.124295	16.0	0.0684121	2.28504	0.860024	17.0	0.0681518	2.06014	0.460877	18.0	0.0544275	1.93295	0.117066	19.0	0.09248	1.99518	0.0686567	20.0	-0.0128452	2.30147	1.39868	21.0	-0.339592	2.23911	0.716266	22.0	-0.296126	2.25756	0.797505	23.0	-0.181519	2.3426	1.25747	24.0	-0.160572	2.30554	1.14768
52.007	0.0	0.0170548	2.27137	0.852014	1.0	-0.00241487	2.31222	1.16139	2.0	-0.0322647	2.35727	1.46026	3.0	0.00718999	2.38999	1.59004	4.0	-0.181825	2.32922	1.31538	5.0	-0.286234	2.25134	1.06828	6.0	-0.331395	2.26744	0.847649	7.0	-0.346459	2.27148	0.777392	8.0	0.0970914	2.37126	1.32364	9.0	0.190046	2.28586	1.06547	10.0	-0.0715586	2.41093	1.14358	11.0	-0.123474	2.39194	1.20078	12.0	-0.0839577	2.26767	0.859292	13.0	-0.112882	2.42876	0.538479	14.0	-0.102457	2.56581	0.143782	15.0	-0.137832	2.66153	0.105651	16.0	0.0596903	2.31409	0.852069	17.0	0.0688693	2.07705	0.461776	18.0	0.0543603	1.93479	0.119021	19.0	0.0936442	1.99706	0.0684759	20.0	-0.0228845	2.3449	1.38714	21.0	-0.340751	2.26166	0.702457	22.0	-0.313145	2.29278	0.786156	23.0	-0.18017	2.38741	1.25179	24.0	-0.148241	2.36298	1.13305
52.041	0.0	-0.0299713	2.30062	0.837835	1.0	-0.0279357	2.34143	1.1505	2.0	-0.0417896	2.3884	1.45116	3.0	-0.00066368	2.42815	1.57744	4.0	-0.187804	2.36161	1.30506	5.0	-0.288734	2.28429	1.05313	6.0	-0.338724	2.30101	0.839776	7.0	-0.346528	2.30529	0.765455	8.0	0.088933	2.41972	1.31018	9.0	0.181676	2.334	1.05203	10.0	0.283467	2.32885	0.802006	11.0	0.284461	2.34301	0.771244	12.0	-0.130658	2.29244	0.851015	13.0	-0.0955923	2.49668	0.559608	14.0	-0.106265	2.58687	0.151938	15.0	-0.168526	2.65571	0.1169	16.0	0.0122055	2.34808	0.832538	17.0	0.0621587	2.14761	0.516441	18.0	0.0544102	1.95537	0.15325	19.0	0.0907079	1.99776	0.0743534	20.0	-0.0359045	2.37516	1.37778	21.0	-0.344079	2.29774	0.693023	22.0	-0.309483	2.32273	0.775679	23.0	0.282432	2.3329	0.722738	24.0	0.253705	2.37652	0.754309
52.073	0.0	-0.0351942	2.33768	0.830702	1.0	-0.0388967	2.38264	1.14253	2.0	-0.0553848	2.43328	1.44282	3.0	-0.0165844	2.47893	1.56604	4.0	-0.197391	2.39789	1.29684	5.0	-0.295145	2.32385	1.04315	6.0	-0.342162	2.34772	0.825154	7.0	-0.346171	2.34442	0.753652	8.0	0.0719804	2.46381	1.30097	9.0	0.164563	2.37781	1.04277	10.0	0.270774	2.38001	0.825254	11.0	0.274591	2.3881	0.777541	12.0	-0.137176	2.32534	0.844861	13.0	-0.109415	2.5301	0.55256	14.0	-0.137422	2.61913	0.144966	15.0	-0.189808	2.70642	0.113024	16.0	0.00783057	2.38866	0.824742	17.0	0.0599796	2.16903	0.519162	18.0	0.0560809	1.9684	0.16073	19.0	0.0920997	2.0083	0.0811457	20.0	-0.0493934	2.42006	1.3693	21.0	-0.339639	2.33785	0.679772	22.0	-0.303294	2.36104	0.766061	23.0	0.271367	2.38062	0.727285	24.0	0.244966	2.42812	0.776793
52.108	0.0	-0.0382525	2.37782	0.833857	1.0	-0.0436757	2.41537	1.14241	2.0	-0.0612358	2.46027	1.43988	3.0	-0.0296174	2.50801	1.56157	4.0	-0.204376	2.42698	1.2955	5.0	-0.29703	2.36274	1.03741	6.0	-0.339943	2.38273	0.822309	7.0	-0.344727	2.38826	0.749491	8.0	0.0745713	2.48224	1.31657	9.0	0.167125	2.39605	1.0582	10.0	0.265233	2.41832	0.808731	11.0	0.266342	2.43094	0.776496	12.0	-0.139687	2.36668	0.844973	13.0	-0.117811	2.57268	0.552646	14.0	-0.149675	2.61265	0.138487	15.0	-0.195302	2.70243	0.11171	16.0	0.00347662	2.42641	0.830869	17.0	0.0624013	2.21577	0.518512	18.0	0.0583701	1.99092	0.175104	19.0	0.0896469	2.01523	0.0907554	20.0	-0.0548259	2.44769	1.36712	21.0	-0.339158	2.38328	0.676709	22.0	-0.312268	2.40799	0.770175	23.0	0.262204	2.43271	0.730112	24.0	0.237035	2.46945	0.761213
52.141	0.0	-0.042931	2.41285	0.83495	1.0	-0.0509031	2.45199	1.14417	2.0	-0.0711157	2.49645	1.44163	3.0	-0.0325086	2.55457	1.55718	4.0	-0.211599	2.46034	1.29677	5.0	-0.297506	2.3999	1.03844	6.0	-0.335233	2.43678	0.812648	7.0	-0.336235	2.43797	0.749925	8.0	0.0653756	2.52635	1.3253	9.0	0.157812	2.4398	1.06673	10.0	0.25927	2.45147	0.81175	11.0	0.259708	2.47103	0.783137	12.0	-0.144668	2.39897	0.846131	13.0	-0.117662	2.59509	0.549355	14.0	-0.0577336	2.80801	0.195212	15.0	-0.103722	2.9057	0.15902	16.0	-0.00148348	2.46317	0.832047	17.0	0.0696959	2.21943	0.46181	18.0	0.0627834	1.97753	0.131275	19.0	0.10377	2.01752	0.0663466	20.0	-0.0641191	2.48455	1.36895	21.0	-0.334045	2.43535	0.67848	22.0	-0.303953	2.45801	0.759525	23.0	0.254859	2.47179	0.735797	24.0	0.231745	2.50963	0.775107
52.173	0.0	-0.055676	2.4545	0.829463	1.0	-0.0598256	2.48432	1.14496	2.0	-0.0773308	2.52222	1.44693	3.0	-0.0380046	2.57791	1.5652	4.0	-0.216189	2.48974	1.2992	5.0	-0.298778	2.44193	1.04213	6.0	-0.330008	2.4844	0.821723	7.0	-0.329834	2.48988	0.757618	8.0	0.0440671	2.57514	1.29381	9.0	0.136256	2.48829	1.03539	10.0	0.248959	2.513	0.859935	11.0	0.243261	2.5128	0.808042	12.0	-0.159094	2.43914	0.839427	13.0	-0.117603	2.6328	0.545127	14.0	-0.0400392	2.84299	0.193776	15.0	-0.093749	2.93851	0.159055	16.0	-0.0131649	2.50536	0.828157	17.0	0.0724641	2.25482	0.464918	18.0	0.0618462	2.01307	0.148097	19.0	0.0981921	2.03007	0.0725652	20.0	-0.0708643	2.51151	1.37322	21.0	-0.332246	2.49343	0.688034	22.0	-0.301474	2.51008	0.778619	23.0	0.240583	2.50812	0.749736	24.0	0.209674	2.54582	0.806208
52.265	0.0	-0.0384404	2.51882	0.841877	1.0	-0.0574388	2.54543	1.1572	2.0	-0.0899767	2.5816	1.46121	3.0	-0.0486126	2.6443	1.5759	4.0	-0.229605	2.54951	1.31122	5.0	-0.300806	2.52025	1.05612	6.0	-0.311135	2.58984	0.841608	7.0	-0.301612	2.60553	0.777657	8.0	0.0312512	2.62282	1.32369	9.0	0.123401	2.53552	1.06483	10.0	0.217644	2.58961	0.852931	11.0	0.222933	2.58525	0.809303	12.0	-0.141909	2.5014	0.845946	13.0	-0.122644	2.67203	0.535477	14.0	-0.0706416	2.85606	0.165238	15.0	-0.120516	2.9519	0.130446	16.0	0.00286421	2.56946	0.846111	17.0	0.0524924	2.36247	0.539228	18.0	0.0528673	2.12389	0.205228	19.0	0.0714037	2.13521	0.11545	20.0	-0.0795628	2.57117	1.38688	21.0	-0.281275	2.61626	0.70679	22.0	-0.226072	2.59933	0.803733	23.0	0.229509	2.57211	0.767645	24.0	0.182766	2.62133	0.78142
