17.694	0.0	-0.174605	-1.44901	0.883353	1.0	-0.216046	-1.47058	1.18454	2.0	-0.260369	-1.48001	1.48071	3.0	-0.243601	-1.51054	1.61444	4.0	-0.397557	-1.45511	1.33388	5.0	-0.467859	-1.49871	1.06151	6.0	-0.527288	-1.48954	0.854166	7.0	-0.54196	-1.48144	0.775574	8.0	-0.0924566	-1.40964	1.33785	9.0	-0.109868	-1.33597	1.1303	10.0	-0.111471	-1.33138	0.843404	11.0	-0.110044	-1.34491	0.776731	12.0	-0.253955	-1.42543	0.883241	13.0	-0.247037	-1.40358	0.526406	14.0	-0.242712	-1.43474	0.193675	15.0	-0.252434	-1.3335	0.125199	16.0	-0.117102	-1.40144	0.88516	17.0	-0.0763421	-1.40476	0.53414	18.0	-0.218853	-1.44835	0.104706	19.0	-0.187978	-1.39482	0.239513	20.0	-0.248706	-1.47995	1.40737	21.0	-0.5419	-1.49261	0.705112	22.0	-0.532902	-1.42568	0.771267	23.0	-0.0957874	-1.35228	0.681073	24.0	-0.0720758	-1.323	0.774722
17.762	0.0	-0.169816	-1.43368	0.871981	1.0	-0.212109	-1.46371	1.18083	2.0	-0.257173	-1.47771	1.48135	3.0	-0.247417	-1.5029	1.61333	4.0	-0.397069	-1.44177	1.33221	5.0	-0.478948	-1.43219	1.09684	6.0	-0.525272	-1.39477	0.871163	7.0	-0.54773	-1.36705	0.783352	8.0	-0.0951833	-1.40562	1.34964	9.0	-0.110798	-1.32435	1.12334	10.0	-0.217094	-1.28537	0.861233	11.0	-0.24926	-1.3088	0.78088	12.0	-0.248401	-1.40504	0.867192	13.0	-0.244237	-1.39975	0.535811	14.0	-0.250871	-1.43625	0.168081	15.0	-0.19423	-1.32627	0.184792	16.0	-0.113564	-1.38937	0.877943	17.0	-0.0993248	-1.38752	0.534875	18.0	-0.242042	-1.43029	0.246685	19.0	-0.171889	-1.36185	0.358049	20.0	-0.245406	-1.47691	1.4072	21.0	-0.558702	-1.34179	0.713911	22.0	-0.528686	-1.33779	0.78886	23.0	-0.28667	-1.29488	0.707682	24.0	-0.18996	-1.29656	0.754909
17.794	0.0	-0.166405	-1.41875	0.851135	1.0	-0.210587	-1.45195	1.17201	2.0	-0.256971	-1.47048	1.48141	3.0	-0.249528	-1.49694	1.61372	4.0	-0.399103	-1.4356	1.33242	5.0	-0.477704	-1.42799	1.09559	6.0	-0.526059	-1.35834	0.879594	7.0	-0.546382	-1.32602	0.800282	8.0	-0.091856	-1.40096	1.35137	9.0	-0.193064	-1.27554	1.10539	10.0	0.00970207	-1.27537	0.939178	11.0	0.108473	-1.28461	0.875371	12.0	-0.246132	-1.39045	0.847821	13.0	-0.245005	-1.39254	0.529446	14.0	-0.248986	-1.43753	0.161272	15.0	-0.245997	-1.30927	0.129222	16.0	-0.109396	-1.37452	0.857136	17.0	-0.0862723	-1.37069	0.531698	18.0	-0.238596	-1.42706	0.265003	19.0	-0.159591	-1.34449	0.364207	20.0	-0.244898	-1.46868	1.40545	21.0	-0.558373	-1.31506	0.728291	22.0	-0.528995	-1.29775	0.791186	23.0	0.12359	-1.28068	0.806966	24.0	0.110278	-1.27633	0.893282
17.827	0.0	-0.166224	-1.41132	0.834357	1.0	-0.210308	-1.44414	1.16427	2.0	-0.257004	-1.46298	1.48201	3.0	-0.251171	-1.49734	1.61319	4.0	-0.403013	-1.42462	1.32703	5.0	-0.473364	-1.40512	1.08981	6.0	-0.522102	-1.31489	0.890951	7.0	-0.540706	-1.2766	0.812023	8.0	-0.0903208	-1.3994	1.35231	9.0	-0.122975	-1.29988	1.11158	10.0	0.0997878	-1.30288	0.935085	11.0	0.0967292	-1.28261	0.881776	12.0	-0.246394	-1.37977	0.82735	13.0	-0.246574	-1.39193	0.508402	14.0	-0.246968	-1.43559	0.164392	15.0	-0.24512	-1.31244	0.129146	16.0	-0.109093	-1.36885	0.843512	17.0	-0.05978	-1.3226	0.513185	18.0	-0.038449	-1.3387	0.210906	19.0	-0.0290561	-1.22915	0.122921	20.0	-0.244796	-1.46117	1.40403	21.0	-0.555415	-1.22967	0.748952	22.0	-0.530995	-1.2382	0.793711	23.0	0.11181	-1.26153	0.835398	24.0	0.082488	-1.28901	0.902073
17.86	0.0	-0.166602	-1.38079	0.830029	1.0	-0.212562	-1.41831	1.15783	2.0	-0.260821	-1.44356	1.47853	3.0	-0.256781	-1.48112	1.61024	4.0	-0.407481	-1.40471	1.32114	5.0	-0.473694	-1.35358	1.09472	6.0	-0.522656	-1.25737	0.892614	7.0	-0.538419	-1.21753	0.811798	8.0	-0.0869116	-1.37129	1.34893	9.0	0.0425481	-1.34436	1.10788	10.0	0.0983144	-1.27888	0.910046	11.0	0.0844637	-1.22983	0.850923	12.0	-0.245912	-1.35796	0.824936	13.0	-0.247938	-1.37947	0.507359	14.0	-0.246655	-1.43589	0.16516	15.0	-0.229074	-1.31622	0.20049	16.0	-0.110916	-1.3282	0.837414	17.0	-0.0572041	-1.27077	0.529539	18.0	-0.0368785	-1.27261	0.221792	19.0	-0.0395379	-1.15701	0.139712	20.0	-0.248292	-1.43954	1.39935	21.0	-0.554241	-1.1777	0.750199	22.0	-0.517226	-1.17341	0.801857	23.0	0.0845338	-1.2284	0.784527	24.0	0.082583	-1.2333	0.889926
17.894	0.0	-0.166521	-1.3785	0.829148	1.0	-0.211673	-1.41607	1.15622	2.0	-0.2592	-1.441	1.47639	3.0	-0.257542	-1.48043	1.60887	4.0	-0.409645	-1.38916	1.31557	5.0	-0.47415	-1.35064	1.09629	6.0	-0.511913	-1.23269	0.88243	7.0	-0.518968	-1.18541	0.806499	8.0	-0.086225	-1.37216	1.3503	9.0	0.0373967	-1.34683	1.10267	10.0	0.0993187	-1.27729	0.907841	11.0	0.081189	-1.23272	0.851763	12.0	-0.245199	-1.35289	0.822536	13.0	-0.248965	-1.37705	0.506576	14.0	-0.232095	-1.42899	0.19818	15.0	-0.241737	-1.31683	0.149317	16.0	-0.111123	-1.32769	0.837476	17.0	-0.0544988	-1.26026	0.519817	18.0	-0.019053	-1.22184	0.229111	19.0	-0.0449853	-1.14442	0.151206	20.0	-0.246821	-1.4371	1.39729	21.0	-0.526127	-1.14274	0.745351	22.0	-0.49863	-1.18155	0.781284	23.0	0.0741551	-1.2119	0.806511	24.0	0.0890831	-1.21538	0.843695
17.927	0.0	-0.171005	-1.35401	0.821578	1.0	-0.213119	-1.40352	1.15008	2.0	-0.25916	-1.43608	1.47228	3.0	-0.257777	-1.4742	1.6014	4.0	-0.409169	-1.37209	1.31705	5.0	-0.472813	-1.31815	1.09406	6.0	-0.502031	-1.18358	0.889905	7.0	-0.51172	-1.13738	0.810299	8.0	-0.0841728	-1.36693	1.35124	9.0	0.0381937	-1.34603	1.10268	10.0	0.0888815	-1.2588	0.910005	11.0	0.0783342	-1.21638	0.849581	12.0	-0.24844	-1.32942	0.815323	13.0	-0.254347	-1.3661	0.510752	14.0	-0.234133	-1.41888	0.212714	15.0	-0.24462	-1.30307	0.13013	16.0	-0.116931	-1.30424	0.830816	17.0	-0.0600688	-1.20758	0.509123	18.0	-0.0238859	-1.14107	0.182172	19.0	-0.0754475	-1.01886	0.194773	20.0	-0.247009	-1.43069	1.39265	21.0	-0.509168	-1.09517	0.741726	22.0	-0.493413	-1.11685	0.801269	23.0	0.0662196	-1.18092	0.786849	24.0	0.0842097	-1.18426	0.859385
17.96	0.0	-0.172423	-1.34532	0.821291	1.0	-0.214628	-1.39083	1.14849	2.0	-0.260014	-1.423	1.46966	3.0	-0.258576	-1.47507	1.5998	4.0	-0.410093	-1.36942	1.31487	5.0	-0.466672	-1.31224	1.09987	6.0	-0.491901	-1.13707	0.892072	7.0	-0.495488	-1.09908	0.819077	8.0	-0.0842591	-1.35716	1.34815	9.0	0.0402103	-1.34248	1.09881	10.0	0.09007	-1.25664	0.905415	11.0	0.0826562	-1.21821	0.839075	12.0	-0.25153	-1.31719	0.814921	13.0	-0.256765	-1.35447	0.50868	14.0	-0.235856	-1.42	0.213149	15.0	-0.243653	-1.32049	0.131489	16.0	-0.117315	-1.29767	0.830607	17.0	-0.056865	-1.19777	0.517003	18.0	-0.0219626	-1.12351	0.211305	19.0	-0.0426446	-1.00403	0.157395	20.0	-0.248053	-1.41739	1.3902	21.0	-0.491423	-1.0667	0.75201	22.0	-0.481388	-1.0706	0.840846	23.0	0.07293	-1.1966	0.767946	24.0	0.0902997	-1.20365	0.839985
17.995	0.0	-0.17272	-1.32863	0.824868	1.0	-0.214071	-1.38486	1.14747	2.0	-0.25903	-1.4216	1.46663	3.0	-0.258278	-1.47665	1.59786	4.0	-0.409404	-1.35939	1.31298	5.0	-0.453195	-1.28571	1.10868	6.0	-0.473041	-1.12485	0.890298	7.0	-0.479492	-1.07032	0.827465	8.0	-0.0850958	-1.35516	1.34835	9.0	0.0409419	-1.33971	1.09708	10.0	0.091146	-1.25412	0.904106	11.0	0.0899827	-1.21651	0.830964	12.0	-0.251109	-1.30168	0.81856	13.0	-0.260854	-1.33709	0.519836	14.0	-0.237794	-1.41996	0.217847	15.0	-0.228468	-1.36252	0.135715	16.0	-0.118365	-1.28001	0.834017	17.0	-0.0544308	-1.18245	0.516096	18.0	-0.0177351	-1.07535	0.227168	19.0	-0.0397374	-0.946756	0.158243	20.0	-0.247214	-1.41528	1.38775	21.0	-0.472881	-1.05635	0.771306	22.0	-0.455306	-1.05592	0.764161	23.0	0.0915551	-1.21141	0.769344	24.0	0.0925619	-1.17071	0.83906
18.028	0.0	-0.172323	-1.31146	0.820665	1.0	-0.213835	-1.373	1.14309	2.0	-0.258719	-1.41751	1.46223	3.0	-0.258276	-1.47557	1.59113	4.0	-0.40587	-1.34396	1.31185	5.0	-0.455903	-1.26668	1.11044	6.0	-0.457899	-1.09438	0.907723	7.0	-0.462972	-1.03556	0.842199	8.0	-0.082018	-1.34354	1.33798	9.0	0.0449715	-1.32649	1.08931	10.0	0.0921112	-1.24473	0.894685	11.0	0.0876323	-1.20187	0.829439	12.0	-0.251621	-1.27745	0.812179	13.0	-0.261394	-1.33259	0.517434	14.0	-0.238871	-1.42237	0.239148	15.0	-0.24565	-1.35025	0.138906	16.0	-0.117418	-1.26854	0.831645	17.0	-0.0531225	-1.1381	0.506288	18.0	-0.0164737	-1.05008	0.234596	19.0	-0.0417516	-0.929989	0.162911	20.0	-0.246893	-1.40945	1.3832	21.0	-0.465439	-0.995681	0.781682	22.0	-0.454909	-0.99683	0.784151	23.0	0.0910162	-1.16032	0.770268	24.0	0.0594683	-1.16278	0.839727
18.061	0.0	-0.167566	-1.27139	0.80716	1.0	-0.210505	-1.34755	1.13537	2.0	-0.256611	-1.40671	1.45782	3.0	-0.255276	-1.47073	1.58313	4.0	-0.392536	-1.32854	1.31266	5.0	-0.43355	-1.20707	1.09344	6.0	-0.443351	-1.03708	0.910751	7.0	-0.443051	-1.00038	0.852454	8.0	-0.0838326	-1.32001	1.32707	9.0	0.0458594	-1.31245	1.08958	10.0	0.0945837	-1.23802	0.892329	11.0	0.0962562	-1.18334	0.821185	12.0	-0.251215	-1.24241	0.799958	13.0	-0.262957	-1.32246	0.493498	14.0	-0.234715	-1.42021	0.209901	15.0	-0.245168	-1.3467	0.130921	16.0	-0.107984	-1.22482	0.817823	17.0	-0.0560148	-1.10699	0.514524	18.0	-0.0258649	-0.980226	0.221699	19.0	-0.0260173	-0.849838	0.151592	20.0	-0.244438	-1.39497	1.37796	21.0	-0.418173	-0.980401	0.786614	22.0	-0.423007	-0.984865	0.790705	23.0	0.101748	-1.17018	0.759778	24.0	0.0866855	-1.1498	0.834849
18.094	0.0	-0.168549	-1.26161	0.806733	1.0	-0.207593	-1.33165	1.1309	2.0	-0.24806	-1.38648	1.44772	3.0	-0.247568	-1.45871	1.56012	4.0	-0.385419	-1.31173	1.31527	5.0	-0.43977	-1.20116	1.12013	6.0	-0.428521	-1.03292	0.916222	7.0	-0.41843	-0.973142	0.858776	8.0	-0.0819118	-1.29649	1.31505	9.0	0.0492384	-1.28609	1.08451	10.0	0.10143	-1.21121	0.888945	11.0	0.0977823	-1.16189	0.819247	12.0	-0.253412	-1.22599	0.79971	13.0	-0.263429	-1.31895	0.490932	14.0	-0.233686	-1.41894	0.208631	15.0	-0.245732	-1.34233	0.131889	16.0	-0.108356	-1.2196	0.817287	17.0	-0.0506354	-1.07189	0.506035	18.0	-0.0246894	-0.97518	0.225871	19.0	-0.0317044	-0.855198	0.164369	20.0	-0.237405	-1.37531	1.36937	21.0	-0.393641	-0.938372	0.799075	22.0	-0.406861	-0.941357	0.804177	23.0	0.0918574	-1.12888	0.760131	24.0	0.101138	-1.12886	0.831238
18.127	0.0	-0.168289	-1.25854	0.8045	1.0	-0.206439	-1.32947	1.12954	2.0	-0.246811	-1.38553	1.44736	3.0	-0.246378	-1.45362	1.55763	4.0	-0.38025	-1.28696	1.30634	5.0	-0.441751	-1.19415	1.11433	6.0	-0.405281	-0.983476	0.923905	7.0	-0.389188	-0.94136	0.871111	8.0	-0.0814756	-1.29723	1.31632	9.0	0.052068	-1.27725	1.08322	10.0	0.103805	-1.20399	0.888119	11.0	0.105404	-1.16097	0.812241	12.0	-0.249904	-1.2207	0.797053	13.0	-0.269404	-1.28902	0.511312	14.0	-0.235276	-1.41444	0.211298	15.0	-0.242474	-1.34332	0.131713	16.0	-0.110497	-1.21775	0.814869	17.0	-0.0528885	-1.06486	0.513238	18.0	-0.0201982	-0.941752	0.226803	19.0	-0.0428308	-0.803735	0.161395	20.0	-0.236148	-1.37411	1.36881	21.0	-0.367384	-0.92471	0.815142	22.0	-0.35628	-0.923642	0.808591	23.0	0.106478	-1.14895	0.753047	24.0	0.0785429	-1.1232	0.829902
18.16	0.0	-0.171193	-1.2474	0.797515	1.0	-0.2053	-1.31748	1.12416	2.0	-0.242138	-1.37329	1.44411	3.0	-0.240047	-1.44695	1.55457	4.0	-0.37728	-1.25759	1.29087	5.0	-0.452343	-1.17405	1.1022	6.0	-0.393753	-0.96613	0.940899	7.0	-0.36642	-0.914529	0.88411	8.0	-0.0763742	-1.27808	1.31187	9.0	0.0568009	-1.27123	1.0821	10.0	0.110294	-1.19758	0.88983	11.0	0.114025	-1.14677	0.806706	12.0	-0.251947	-1.21016	0.792429	13.0	-0.263267	-1.28477	0.489343	14.0	-0.235129	-1.41345	0.210827	15.0	-0.2435	-1.33324	0.136659	16.0	-0.114635	-1.20772	0.806091	17.0	-0.0496898	-1.02653	0.477872	18.0	-0.0167635	-0.908883	0.198119	19.0	-0.0426797	-0.797948	0.154329	20.0	-0.232333	-1.36191	1.36499	21.0	-0.335123	-0.899899	0.827324	22.0	-0.376155	-0.903341	0.855747	23.0	0.104921	-1.12742	0.738427	24.0	0.116633	-1.11407	0.827047
18.195	0.0	-0.174936	-1.21914	0.79886	1.0	-0.204028	-1.29083	1.12255	2.0	-0.236511	-1.34861	1.44022	3.0	-0.232352	-1.42715	1.54758	4.0	-0.376985	-1.24989	1.2894	5.0	-0.414927	-1.10419	1.09388	6.0	-0.372542	-0.933365	0.964734	7.0	-0.343318	-0.879738	0.902277	8.0	-0.0482405	-1.24345	1.30056	9.0	0.0599059	-1.23532	1.07821	10.0	0.117887	-1.18305	0.882062	11.0	0.119244	-1.11926	0.801516	12.0	-0.252249	-1.19609	0.793879	13.0	-0.262738	-1.28388	0.488936	14.0	-0.232273	-1.41053	0.209454	15.0	-0.244434	-1.32893	0.135336	16.0	-0.124354	-1.16092	0.806902	17.0	-0.0512334	-1.00749	0.503673	18.0	-0.0212605	-0.900153	0.202376	19.0	-0.0350483	-0.752837	0.15353	20.0	-0.227732	-1.33669	1.36162	21.0	-0.32352	-0.847923	0.855441	22.0	-0.350984	-0.867005	0.864269	23.0	0.106368	-1.10333	0.728106	24.0	0.0965772	-1.06802	0.796372
18.228	0.0	-0.17073	-1.21111	0.79781	1.0	-0.197399	-1.27951	1.12137	2.0	-0.227042	-1.33407	1.43897	3.0	-0.226477	-1.41398	1.54295	4.0	-0.378484	-1.22736	1.28046	5.0	-0.407986	-1.08012	1.0886	6.0	-0.345978	-0.911763	0.96597	7.0	-0.31662	-0.852779	0.915923	8.0	-0.0321259	-1.24041	1.29345	9.0	0.0681351	-1.22653	1.07839	10.0	0.132695	-1.13175	0.859618	11.0	0.130623	-1.11758	0.796776	12.0	-0.247508	-1.18095	0.793337	13.0	-0.259245	-1.27917	0.485442	14.0	-0.230552	-1.40746	0.211826	15.0	-0.242065	-1.328	0.136076	16.0	-0.120609	-1.15917	0.805897	17.0	-0.0492131	-0.991307	0.502423	18.0	-0.0218378	-0.852723	0.18366	19.0	-0.0448081	-0.744805	0.133761	20.0	-0.218997	-1.32295	1.36038	21.0	-0.284559	-0.825023	0.874354	22.0	-0.313302	-0.843516	0.875202	23.0	0.111921	-1.07465	0.726142	24.0	0.12512	-1.06254	0.80988
18.26	0.0	-0.159876	-1.1783	0.796078	1.0	-0.186742	-1.24977	1.11929	2.0	-0.217089	-1.30812	1.4366	3.0	-0.218185	-1.38592	1.53975	4.0	-0.356505	-1.20225	1.28391	5.0	-0.408645	-1.0667	1.11711	6.0	-0.318408	-0.894049	0.984737	7.0	-0.284197	-0.832931	0.924081	8.0	-0.0304492	-1.21204	1.30575	9.0	0.07748	-1.19836	1.0821	10.0	0.130238	-1.12525	0.878812	11.0	0.134385	-1.08476	0.796718	12.0	-0.23846	-1.15476	0.791886	13.0	-0.250257	-1.26954	0.477228	14.0	-0.222732	-1.39284	0.207646	15.0	-0.244385	-1.31101	0.133306	16.0	-0.10806	-1.12778	0.804043	17.0	-0.0480619	-0.971752	0.493324	18.0	-0.0210593	-0.850987	0.190672	19.0	-0.0439839	-0.746503	0.13583	20.0	-0.208821	-1.29601	1.35807	21.0	-0.25534	-0.809492	0.886329	22.0	-0.280399	-0.815748	0.887699	23.0	0.131677	-1.07318	0.734272	24.0	0.129724	-1.05113	0.811349
18.294	0.0	-0.155225	-1.16074	0.793169	1.0	-0.177073	-1.23244	1.11826	2.0	-0.201069	-1.28982	1.43751	3.0	-0.203396	-1.37189	1.53827	4.0	-0.32733	-1.16478	1.2872	5.0	-0.402402	-1.04733	1.11753	6.0	-0.295982	-0.86275	0.983966	7.0	-0.258498	-0.807764	0.93935	8.0	-0.037182	-1.16567	1.29863	9.0	0.0842354	-1.16411	1.07946	10.0	0.138177	-1.09701	0.866862	11.0	0.142465	-1.05917	0.791003	12.0	-0.234528	-1.13654	0.789061	13.0	-0.248325	-1.25859	0.478448	14.0	-0.211957	-1.38116	0.210528	15.0	-0.243227	-1.31203	0.133488	16.0	-0.101486	-1.10772	0.800723	17.0	-0.0427884	-0.950624	0.48462	18.0	-0.0194955	-0.850631	0.191251	19.0	-0.0421888	-0.74449	0.140233	20.0	-0.19454	-1.27803	1.35848	21.0	-0.217559	-0.780613	0.906407	22.0	-0.232594	-0.789694	0.889699	23.0	0.133441	-1.02843	0.721597	24.0	0.109593	-1.0136	0.800516
18.327	0.0	-0.150892	-1.15242	0.788902	1.0	-0.16871	-1.21962	1.11472	2.0	-0.188803	-1.27267	1.43521	3.0	-0.17924	-1.34498	1.53868	4.0	-0.323809	-1.15765	1.28507	5.0	-0.387621	-1.03437	1.11587	6.0	-0.282186	-0.854888	0.991464	7.0	-0.233112	-0.794517	0.955957	8.0	-0.0195855	-1.16969	1.29586	9.0	0.0901998	-1.16076	1.08001	10.0	0.145961	-1.08798	0.862147	11.0	0.154822	-1.05188	0.794262	12.0	-0.231296	-1.1124	0.784358	13.0	-0.243614	-1.25048	0.469504	14.0	-0.209898	-1.3835	0.208212	15.0	-0.237347	-1.33493	0.120928	16.0	-0.0962676	-1.10701	0.796415	17.0	-0.0393857	-0.951379	0.483872	18.0	-0.0137944	-0.852207	0.196817	19.0	-0.0388788	-0.747397	0.145646	20.0	-0.18316	-1.26191	1.35584	21.0	-0.202545	-0.764229	0.916657	22.0	-0.242775	-0.764722	0.923312	23.0	0.14189	-1.03732	0.721052	24.0	0.143136	-0.98967	0.763309
18.36	0.0	-0.142554	-1.11666	0.789044	1.0	-0.157704	-1.17867	1.11836	2.0	-0.176536	-1.22806	1.44182	3.0	-0.158979	-1.30421	1.54537	4.0	-0.306625	-1.12872	1.29886	5.0	-0.37184	-0.986477	1.11881	6.0	-0.262433	-0.839373	1.01031	7.0	-0.213217	-0.764367	0.961886	8.0	-0.0157417	-1.11135	1.2904	9.0	0.109768	-1.10233	1.04613	10.0	0.161432	-1.03304	0.855823	11.0	0.146206	-0.987764	0.784148	12.0	-0.225727	-1.094	0.786168	13.0	-0.241393	-1.23382	0.469933	14.0	-0.209491	-1.37983	0.209039	15.0	-0.235841	-1.30919	0.133398	16.0	-0.0868419	-1.06553	0.794765	17.0	-0.0361248	-0.932601	0.483458	18.0	-0.0132969	-0.846538	0.194748	19.0	-0.0345302	-0.743032	0.13923	20.0	-0.171094	-1.21815	1.36177	21.0	-0.17353	-0.744054	0.928655	22.0	-0.171821	-0.744319	0.922033	23.0	0.127829	-0.940344	0.727756	24.0	0.120531	-0.952326	0.77826
18.394	0.0	-0.125327	-1.08769	0.795191	1.0	-0.1427	-1.1535	1.12341	2.0	-0.163527	-1.20573	1.44564	3.0	-0.153374	-1.29357	1.54618	4.0	-0.307111	-1.10624	1.29891	5.0	-0.354826	-0.976353	1.12944	6.0	-0.239988	-0.792762	1.0062	7.0	-0.192455	-0.731755	0.962563	8.0	-0.00652875	-1.10005	1.29767	9.0	0.114107	-1.09026	1.0598	10.0	0.154475	-0.992152	0.839961	11.0	0.151682	-0.958718	0.786456	12.0	-0.203228	-1.05788	0.789627	13.0	-0.231557	-1.20161	0.485004	14.0	-0.204863	-1.35646	0.212635	15.0	-0.232981	-1.30737	0.132347	16.0	-0.0722454	-1.03853	0.804339	17.0	-0.0339537	-0.926042	0.483014	18.0	-0.00951276	-0.844384	0.194807	19.0	-0.0309522	-0.742149	0.136069	20.0	-0.157599	-1.19517	1.36591	21.0	-0.148851	-0.711406	0.934692	22.0	-0.144503	-0.718723	0.920798	23.0	0.139109	-0.910377	0.725154	24.0	0.133178	-0.924748	0.829291
18.427	0.0	-0.118933	-1.07529	0.794126	1.0	-0.125947	-1.13014	1.1255	2.0	-0.132142	-1.16819	1.45277	3.0	-0.129309	-1.25027	1.55526	4.0	-0.282588	-1.06283	1.31539	5.0	-0.332115	-0.929268	1.13164	6.0	-0.191255	-0.747223	0.988818	7.0	-0.176385	-0.714736	0.960597	8.0	-0.00455674	-1.09713	1.29726	9.0	0.124513	-1.06759	1.07586	10.0	0.162806	-0.988166	0.886145	11.0	0.155967	-0.941179	0.800522	12.0	-0.197275	-1.04272	0.789936	13.0	-0.229995	-1.19402	0.485535	14.0	-0.202155	-1.34692	0.217535	15.0	-0.231493	-1.29905	0.137995	16.0	-0.0671368	-1.03075	0.802407	17.0	-0.0293185	-0.915217	0.484726	18.0	-0.00988862	-0.842821	0.194539	19.0	-0.0308851	-0.742535	0.137847	20.0	-0.130242	-1.16145	1.37162	21.0	-0.147344	-0.686189	0.934836	22.0	-0.18649	-0.712634	0.928719	23.0	0.141242	-0.910808	0.72226	24.0	0.14847	-0.884674	0.78605
18.46	0.0	-0.111592	-1.05621	0.797237	1.0	-0.118182	-1.10911	1.13075	2.0	-0.128122	-1.15062	1.45787	3.0	-0.115409	-1.23096	1.56095	4.0	-0.275484	-1.04266	1.32097	5.0	-0.291268	-0.903596	1.09672	6.0	-0.192388	-0.745638	0.990431	7.0	-0.16985	-0.708017	0.963602	8.0	0.0143438	-1.03762	1.29676	9.0	0.130719	-1.05497	1.0751	10.0	0.171515	-0.943697	0.848065	11.0	0.165804	-0.919357	0.783903	12.0	-0.192737	-1.01574	0.796439	13.0	-0.221946	-1.15989	0.486246	14.0	-0.205147	-1.32795	0.228799	15.0	-0.241156	-1.27268	0.151526	16.0	-0.0581146	-1.01807	0.802725	17.0	-0.0212902	-0.907061	0.482605	18.0	-0.0086105	-0.843068	0.194325	19.0	-0.0281894	-0.742654	0.137035	20.0	-0.125	-1.1426	1.37696	21.0	-0.132948	-0.678854	0.924861	22.0	-0.177877	-0.692029	0.929461	23.0	0.14625	-0.885073	0.729038	24.0	0.14683	-0.877269	0.798784
18.495	0.0	-0.0990362	-1.03246	0.803896	1.0	-0.100954	-1.07061	1.1355	2.0	-0.108456	-1.09707	1.45924	3.0	-0.0933517	-1.17264	1.56287	4.0	-0.264546	-1.01374	1.33	5.0	-0.285782	-0.882769	1.09774	6.0	-0.185506	-0.731752	0.985507	7.0	-0.156371	-0.691685	0.950668	8.0	0.054723	-1.00225	1.31192	9.0	0.140964	-1.01517	1.0789	10.0	0.167016	-0.919743	0.842428	11.0	0.165263	-0.884747	0.790625	12.0	-0.181476	-1.00349	0.803125	13.0	-0.22002	-1.13212	0.489832	14.0	-0.209776	-1.31878	0.223542	15.0	-0.239981	-1.276	0.144688	16.0	-0.0446641	-0.981583	0.807667	17.0	-0.0142056	-0.897079	0.487792	18.0	-0.00413485	-0.839191	0.189977	19.0	-0.0256498	-0.737724	0.130156	20.0	-0.105364	-1.09201	1.37928	21.0	-0.117278	-0.663591	0.913861	22.0	-0.130065	-0.676312	0.919277	23.0	0.166583	-0.866728	0.729366	24.0	0.145499	-0.848248	0.816111
18.528	0.0	-0.0922571	-1.01564	0.808894	1.0	-0.093192	-1.06173	1.14012	2.0	-0.0976334	-1.09228	1.46524	3.0	-0.0837942	-1.15914	1.56968	4.0	-0.222623	-0.984704	1.34982	5.0	-0.281269	-0.875819	1.10138	6.0	-0.183085	-0.723415	0.987842	7.0	-0.159761	-0.673513	0.944759	8.0	0.057579	-1.00111	1.31759	9.0	0.148658	-1.00806	1.08057	10.0	0.172202	-0.916663	0.843789	11.0	0.178352	-0.894755	0.789028	12.0	-0.171414	-0.97599	0.812555	13.0	-0.219749	-1.07205	0.513508	14.0	-0.214017	-1.29101	0.226849	15.0	-0.240256	-1.26636	0.144021	16.0	-0.0409087	-0.975258	0.809499	17.0	-0.00993734	-0.888494	0.490278	18.0	-0.00260393	-0.835549	0.183392	19.0	-0.023781	-0.735969	0.12686	20.0	-0.0959529	-1.08687	1.38464	21.0	-0.124354	-0.662072	0.901512	22.0	-0.112165	-0.667245	0.889704	23.0	0.174981	-0.87172	0.730973	24.0	0.174836	-0.855565	0.79089
18.56	0.0	-0.0798699	-0.982782	0.807273	1.0	-0.0745071	-1.01745	1.14322	2.0	-0.0752601	-1.04352	1.47306	3.0	-0.0801443	-1.14439	1.57018	4.0	-0.217897	-0.964305	1.35599	5.0	-0.273487	-0.867036	1.15495	6.0	-0.188523	-0.715248	0.988222	7.0	-0.160114	-0.652412	0.927218	8.0	0.0982639	-0.956703	1.32186	9.0	0.163118	-0.963967	1.07593	10.0	0.183378	-0.905072	0.862727	11.0	0.174894	-0.85682	0.789417	12.0	-0.161365	-0.944514	0.812653	13.0	-0.219232	-1.05786	0.499392	14.0	-0.209763	-1.24732	0.18981	15.0	-0.22084	-1.11648	0.153654	16.0	-0.027387	-0.946582	0.805724	17.0	-0.00331769	-0.87662	0.489902	18.0	-0.00240349	-0.83497	0.183816	19.0	-0.0217411	-0.735505	0.126707	20.0	-0.0740947	-1.03917	1.39152	21.0	-0.126465	-0.636529	0.882927	22.0	-0.113174	-0.643608	0.869527	23.0	0.165218	-0.834491	0.716571	24.0	0.15907	-0.794564	0.778744
18.595	0.0	-0.0767014	-0.964792	0.809453	1.0	-0.0707944	-1.00136	1.14883	2.0	-0.0693023	-1.02367	1.48308	3.0	-0.0416369	-1.07335	1.58874	4.0	-0.218078	-0.939343	1.35349	5.0	-0.26995	-0.852203	1.15219	6.0	-0.180471	-0.676694	0.951204	7.0	-0.167184	-0.642198	0.910577	8.0	0.0980954	-0.938832	1.322	9.0	0.166131	-0.935606	1.07806	10.0	0.19202	-0.884812	0.861044	11.0	0.180246	-0.834298	0.779966	12.0	-0.159554	-0.927966	0.815048	13.0	-0.210216	-0.986366	0.524663	14.0	-0.214063	-1.19568	0.226237	15.0	-0.223307	-1.0644	0.189621	16.0	-0.022036	-0.924761	0.80754	17.0	0.00711621	-0.849123	0.495449	18.0	0.00140129	-0.83198	0.189731	19.0	-0.0209731	-0.732824	0.133083	20.0	-0.0688555	-1.02065	1.40026	21.0	-0.138589	-0.622439	0.864093	22.0	-0.122569	-0.62365	0.861466	23.0	0.177886	-0.808228	0.724219	24.0	0.16935	-0.786999	0.802265
18.627	0.0	-0.0705991	-0.951502	0.815436	1.0	-0.0574334	-0.978714	1.14925	2.0	-0.045423	-0.988651	1.47291	3.0	-0.0371312	-1.05772	1.58199	4.0	-0.202774	-0.922507	1.35318	5.0	-0.267854	-0.850825	1.15245	6.0	-0.185836	-0.674831	0.95187	7.0	-0.182854	-0.635455	0.898911	8.0	0.110079	-0.925331	1.31228	9.0	0.179215	-0.934009	1.07027	10.0	0.200381	-0.874293	0.857916	11.0	0.19422	-0.837804	0.774818	12.0	-0.151002	-0.918469	0.822093	13.0	-0.202704	-0.971378	0.511785	14.0	-0.212662	-1.17505	0.234813	15.0	-0.244969	-1.12247	0.130385	16.0	-0.0186532	-0.90697	0.812377	17.0	0.00895252	-0.849757	0.492829	18.0	0.00296635	-0.830816	0.190121	19.0	-0.0205746	-0.727853	0.132278	20.0	-0.0478685	-0.988942	1.39334	21.0	-0.148559	-0.612605	0.845836	22.0	-0.166831	-0.627383	0.843117	23.0	0.177714	-0.798043	0.715595	24.0	0.180219	-0.798508	0.804744
18.66	0.0	-0.0620303	-0.933901	0.824531	1.0	-0.0492383	-0.961532	1.15638	2.0	-0.0405663	-0.976278	1.47947	3.0	-0.0159954	-1.01747	1.60323	4.0	-0.186094	-0.897581	1.36492	5.0	-0.261214	-0.835829	1.15153	6.0	-0.19667	-0.674423	0.938462	7.0	-0.193931	-0.632009	0.880096	8.0	0.11111	-0.904325	1.32373	9.0	0.184303	-0.925784	1.07197	10.0	0.210065	-0.871113	0.860698	11.0	0.204204	-0.827495	0.773826	12.0	-0.142302	-0.90366	0.830336	13.0	-0.196017	-0.948372	0.487335	14.0	-0.206524	-1.112	0.235868	15.0	-0.25284	-1.05299	0.132463	16.0	-0.0108127	-0.88811	0.821718	17.0	0.0104687	-0.848118	0.491637	18.0	0.00539862	-0.83023	0.188994	19.0	-0.0200691	-0.726067	0.132413	20.0	-0.0419962	-0.975132	1.39986	21.0	-0.164921	-0.626014	0.826736	22.0	-0.160947	-0.621725	0.824417	23.0	0.194574	-0.81679	0.712374	24.0	0.165726	-0.772314	0.776988
18.694	0.0	-0.0552489	-0.915319	0.828654	1.0	-0.0394716	-0.939847	1.15935	2.0	-0.0280505	-0.951202	1.48267	3.0	-0.00560312	-0.998491	1.60569	4.0	-0.186876	-0.885729	1.35993	5.0	-0.253207	-0.817026	1.14073	6.0	-0.211246	-0.669504	0.936004	7.0	-0.215089	-0.626778	0.861614	8.0	0.118982	-0.893711	1.32498	9.0	0.197677	-0.909147	1.0764	10.0	0.21572	-0.865607	0.859556	11.0	0.208082	-0.829465	0.774705	12.0	-0.135703	-0.882174	0.835361	13.0	-0.190652	-0.916453	0.483467	14.0	-0.196882	-1.05969	0.218831	15.0	-0.243888	-0.992853	0.130619	16.0	-0.00388037	-0.872199	0.825112	17.0	0.0114494	-0.847836	0.490038	18.0	0.00844403	-0.830642	0.191541	19.0	-0.0199063	-0.725986	0.132342	20.0	-0.0299986	-0.950721	1.40283	21.0	-0.187509	-0.634574	0.809485	22.0	-0.194421	-0.638362	0.802269	23.0	0.197524	-0.80434	0.703933	24.0	0.119647	-0.788086	0.814409
18.727	0.0	-0.0396355	-0.899811	0.829878	1.0	-0.0253077	-0.918951	1.16006	2.0	-0.0160794	-0.924216	1.48338	3.0	0.013581	-0.975598	1.6038	4.0	-0.179305	-0.875214	1.36084	5.0	-0.253059	-0.811017	1.14532	6.0	-0.22797	-0.670615	0.920993	7.0	-0.236197	-0.642357	0.855669	8.0	0.149212	-0.877829	1.32574	9.0	0.201548	-0.903603	1.07424	10.0	0.233912	-0.856848	0.848014	11.0	0.227576	-0.830467	0.77069	12.0	-0.121182	-0.869546	0.835961	13.0	-0.178635	-0.89124	0.48394	14.0	-0.19242	-0.99215	0.189432	15.0	-0.243907	-0.910789	0.12065	16.0	0.0125739	-0.853975	0.826998	17.0	0.012552	-0.846644	0.48914	18.0	0.0104142	-0.831566	0.190913	19.0	-0.0180084	-0.729245	0.132605	20.0	-0.0174416	-0.92544	1.40348	21.0	-0.221447	-0.629631	0.803256	22.0	-0.225345	-0.653658	0.793239	23.0	0.209811	-0.812182	0.713919	24.0	0.195901	-0.807435	0.728083
18.76	0.0	-0.0502401	-0.874066	0.827956	1.0	-0.0274062	-0.889977	1.16099	2.0	-0.00908063	-0.890693	1.48763	3.0	0.0204128	-0.930449	1.61001	4.0	-0.172333	-0.84733	1.36293	5.0	-0.255247	-0.798405	1.144	6.0	-0.250968	-0.66997	0.913905	7.0	-0.254453	-0.653231	0.845	8.0	0.14271	-0.82422	1.31727	9.0	0.216704	-0.858336	1.05227	10.0	0.237213	-0.832441	0.834816	11.0	0.2227	-0.809747	0.764036	12.0	-0.129033	-0.850286	0.835707	13.0	-0.168193	-0.83869	0.479724	14.0	-0.184073	-0.919338	0.185957	15.0	-0.227712	-0.840813	0.1233	16.0	-0.00105323	-0.821291	0.822989	17.0	0.0129071	-0.838386	0.489006	18.0	0.0114191	-0.831469	0.190671	19.0	-0.0179034	-0.729008	0.132309	20.0	-0.0128475	-0.893094	1.40684	21.0	-0.235967	-0.638354	0.787934	22.0	-0.18112	-0.704664	0.81457	23.0	0.205744	-0.802574	0.705598	24.0	0.191828	-0.793865	0.727223
18.795	0.0	-0.0248846	-0.851952	0.833089	1.0	-0.0149457	-0.876551	1.16446	2.0	-0.00569193	-0.88536	1.48938	3.0	0.026253	-0.921982	1.61348	4.0	-0.164894	-0.83161	1.36713	5.0	-0.260241	-0.790183	1.14358	6.0	-0.286022	-0.671754	0.896259	7.0	-0.282017	-0.668562	0.843158	8.0	0.148382	-0.823231	1.32036	9.0	0.218535	-0.856245	1.05396	10.0	0.241831	-0.830533	0.830765	11.0	0.234578	-0.813772	0.759999	12.0	-0.106973	-0.821489	0.840209	13.0	-0.166869	-0.824082	0.482334	14.0	-0.178787	-0.887449	0.192076	15.0	-0.212656	-0.788399	0.108528	16.0	0.0281607	-0.805567	0.829165	17.0	0.013857	-0.830644	0.487682	18.0	0.0116735	-0.831074	0.190071	19.0	-0.0192528	-0.714797	0.124321	20.0	-0.0076012	-0.885941	1.40902	21.0	-0.273391	-0.653177	0.782669	22.0	-0.208944	-0.715972	0.844906	23.0	0.216554	-0.79542	0.693418	24.0	0.20374	-0.792352	0.762669
18.827	0.0	-0.01962	-0.849453	0.834417	1.0	-0.00268136	-0.862604	1.16343	2.0	0.0113581	-0.855574	1.4832	3.0	0.040457	-0.897423	1.6135	4.0	-0.16511	-0.822694	1.36732	5.0	-0.266363	-0.782183	1.12955	6.0	-0.299416	-0.678111	0.897002	7.0	-0.300774	-0.686929	0.834785	8.0	0.175812	-0.825958	1.32968	9.0	0.224737	-0.855335	1.05718	10.0	0.255768	-0.831946	0.838463	11.0	0.244484	-0.813913	0.752649	12.0	-0.101324	-0.81864	0.842342	13.0	-0.162305	-0.790644	0.493903	14.0	-0.166464	-0.829558	0.190232	15.0	-0.175495	-0.735219	0.127533	16.0	0.0324102	-0.803994	0.82968	17.0	0.0140595	-0.827686	0.486354	18.0	0.011306	-0.828398	0.187829	19.0	-0.0188902	-0.732804	0.133682	20.0	0.0088793	-0.860061	1.40435	21.0	-0.312115	-0.678417	0.769125	22.0	-0.228412	-0.723628	0.836667	23.0	0.227321	-0.797461	0.692203	24.0	0.210802	-0.796698	0.697061
18.86	0.0	-0.016829	-0.84794	0.834368	1.0	0.00162858	-0.85672	1.16199	2.0	0.0148353	-0.848736	1.48136	3.0	0.0517001	-0.884222	1.61314	4.0	-0.160258	-0.80721	1.36537	5.0	-0.266777	-0.78207	1.12951	6.0	-0.329259	-0.690227	0.896446	7.0	-0.338702	-0.698411	0.835194	8.0	0.178484	-0.821865	1.32657	9.0	0.233741	-0.845075	1.05448	10.0	0.25986	-0.82699	0.832885	11.0	0.255638	-0.808384	0.750395	12.0	-0.0988837	-0.816293	0.842661	13.0	-0.159771	-0.783883	0.492677	14.0	-0.167893	-0.773993	0.182435	15.0	-0.153221	-0.681854	0.126192	16.0	0.0356115	-0.803487	0.829233	17.0	0.015059	-0.822053	0.484435	18.0	0.0112703	-0.828462	0.188062	19.0	-0.0183336	-0.733954	0.133287	20.0	0.0126099	-0.853232	1.40252	21.0	-0.329658	-0.694565	0.753253	22.0	-0.253273	-0.733892	0.823606	23.0	0.234696	-0.798137	0.692158	24.0	0.22251	-0.801841	0.696681
18.895	0.0	-0.0223358	-0.821998	0.834125	1.0	-0.000562907	-0.822324	1.16283	2.0	0.0165761	-0.811412	1.48476	3.0	0.0579929	-0.833484	1.60939	4.0	-0.150246	-0.777593	1.36165	5.0	-0.27411	-0.769157	1.12381	6.0	-0.352685	-0.691968	0.899492	7.0	-0.375257	-0.695022	0.841112	8.0	0.180528	-0.769329	1.29051	9.0	0.242698	-0.815574	1.04949	10.0	0.263584	-0.79981	0.830754	11.0	0.252642	-0.781099	0.743512	12.0	-0.104926	-0.792579	0.846345	13.0	-0.145295	-0.739597	0.498001	14.0	-0.173356	-0.705719	0.190325	15.0	-0.160839	-0.609855	0.119577	16.0	0.0302959	-0.775658	0.824717	17.0	0.0193066	-0.801263	0.473477	18.0	0.00687197	-0.799599	0.167071	19.0	-0.0223328	-0.711489	0.107078	20.0	0.0132844	-0.816492	1.4052	21.0	-0.389866	-0.692645	0.77095	22.0	-0.319706	-0.697602	0.849383	23.0	0.237777	-0.780392	0.693414	24.0	0.224667	-0.793153	0.697379
18.927	0.0	-0.0195473	-0.811922	0.834825	1.0	0.00256883	-0.814279	1.16327	2.0	0.0197779	-0.804271	1.48503	3.0	0.0582422	-0.833116	1.60929	4.0	-0.146933	-0.765001	1.36434	5.0	-0.27791	-0.762548	1.12233	6.0	-0.371288	-0.700556	0.897762	7.0	-0.400995	-0.710626	0.842044	8.0	0.180179	-0.760954	1.30631	9.0	0.244308	-0.812617	1.04599	10.0	0.267931	-0.797405	0.821774	11.0	0.265109	-0.780247	0.746182	12.0	-0.103057	-0.780789	0.847356	13.0	-0.136925	-0.728851	0.509927	14.0	-0.170693	-0.669451	0.186696	15.0	-0.190645	-0.539895	0.126588	16.0	0.0336845	-0.767467	0.825247	17.0	0.0207325	-0.796146	0.470755	18.0	0.00997667	-0.786374	0.159041	19.0	-0.0216741	-0.695562	0.102433	20.0	0.0164791	-0.809137	1.40552	21.0	-0.409166	-0.726986	0.773772	22.0	-0.383463	-0.713988	0.807999	23.0	0.239416	-0.751119	0.686767	24.0	0.227889	-0.741546	0.707179
18.96	0.0	-0.0136021	-0.800458	0.838127	1.0	0.00691554	-0.804386	1.16531	2.0	0.0225156	-0.795658	1.48602	3.0	0.0586958	-0.8252	1.60828	4.0	-0.144639	-0.749444	1.36182	5.0	-0.279585	-0.757815	1.12136	6.0	-0.39009	-0.710706	0.900065	7.0	-0.421215	-0.717337	0.851971	8.0	0.188411	-0.762523	1.31985	9.0	0.247025	-0.803305	1.05134	10.0	0.273543	-0.785155	0.815407	11.0	0.267122	-0.768069	0.743055	12.0	-0.0959091	-0.756234	0.853191	13.0	-0.132871	-0.713112	0.513861	14.0	-0.163248	-0.639166	0.192812	15.0	-0.176688	-0.505389	0.13683	16.0	0.038137	-0.763975	0.826891	17.0	0.0267998	-0.787593	0.471696	18.0	0.0309975	-0.803382	0.201924	19.0	-0.00687028	-0.705531	0.126084	20.0	0.0195982	-0.800222	1.40675	21.0	-0.434416	-0.747633	0.782635	22.0	-0.396659	-0.700195	0.842513	23.0	0.264107	-0.785174	0.683033	24.0	0.249368	-0.712988	0.737135
18.994	0.0	-0.0253311	-0.748966	0.83548	1.0	0.00154061	-0.753097	1.1646	2.0	0.0227624	-0.744693	1.48694	3.0	0.0605237	-0.78144	1.61022	4.0	-0.14211	-0.709123	1.35883	5.0	-0.290355	-0.73105	1.12131	6.0	-0.402572	-0.706927	0.903248	7.0	-0.439568	-0.708738	0.856754	8.0	0.180601	-0.701211	1.32155	9.0	0.240247	-0.753552	1.05611	10.0	0.266738	-0.733026	0.815112	11.0	0.250381	-0.717005	0.735813	12.0	-0.104186	-0.733357	0.850546	13.0	-0.137396	-0.661817	0.511415	14.0	-0.157159	-0.584478	0.201177	15.0	-0.166226	-0.454832	0.138631	16.0	0.0265925	-0.69937	0.824663	17.0	0.0262011	-0.742552	0.470659	18.0	0.0199398	-0.774495	0.203217	19.0	0.0101741	-0.69472	0.136226	20.0	0.0184918	-0.749146	1.4073	21.0	-0.456693	-0.72656	0.785108	22.0	-0.411246	-0.689141	0.847932	23.0	0.237081	-0.723221	0.677534	24.0	0.245939	-0.67372	0.757947
19.028	0.0	-0.0244318	-0.744744	0.835408	1.0	0.00229667	-0.7463	1.16343	2.0	0.0231966	-0.734542	1.48418	3.0	0.0595093	-0.761645	1.60343	4.0	-0.141964	-0.699379	1.35702	5.0	-0.290839	-0.722627	1.11994	6.0	-0.410452	-0.703746	0.908957	7.0	-0.445972	-0.712102	0.860618	8.0	0.176616	-0.688756	1.31441	9.0	0.239335	-0.741286	1.04987	10.0	0.265968	-0.726908	0.812081	11.0	0.251913	-0.701003	0.73959	12.0	-0.106981	-0.716681	0.850289	13.0	-0.138885	-0.64745	0.511002	14.0	-0.151872	-0.558587	0.188309	15.0	-0.16381	-0.431675	0.121771	16.0	0.0283689	-0.696956	0.824378	17.0	0.0316978	-0.731715	0.480646	18.0	0.0346844	-0.778562	0.216259	19.0	0.0271092	-0.704928	0.145684	20.0	0.0190267	-0.739905	1.40499	21.0	-0.466854	-0.727141	0.793787	22.0	-0.426119	-0.698637	0.842795	23.0	0.248701	-0.718009	0.676986	24.0	0.237832	-0.64382	0.762008
19.06	0.0	-0.00527427	-0.728242	0.833965	1.0	0.00972609	-0.731026	1.16163	2.0	0.0223921	-0.718326	1.48212	3.0	0.0626056	-0.74826	1.60346	4.0	-0.141237	-0.675842	1.35369	5.0	-0.291514	-0.711258	1.11535	6.0	-0.415605	-0.702658	0.910227	7.0	-0.452927	-0.70821	0.856989	8.0	0.178238	-0.689093	1.31548	9.0	0.241616	-0.734011	1.04915	10.0	0.270263	-0.719913	0.820542	11.0	0.255095	-0.688336	0.741614	12.0	-0.0885565	-0.690354	0.845285	13.0	-0.13477	-0.630013	0.515168	14.0	-0.143844	-0.545765	0.198223	15.0	-0.155668	-0.4173	0.133597	16.0	0.0478181	-0.68859	0.825312	17.0	0.0480437	-0.728403	0.49249	18.0	0.037744	-0.773228	0.227494	19.0	0.031711	-0.705237	0.154492	20.0	0.0202152	-0.724201	1.403	21.0	-0.470137	-0.720925	0.787243	22.0	-0.438256	-0.684152	0.833514	23.0	0.244136	-0.682586	0.670366	24.0	0.248966	-0.63713	0.756215
19.094	0.0	-0.00279408	-0.721454	0.833883	1.0	0.0124083	-0.717804	1.15995	2.0	0.0226863	-0.700013	1.47861	3.0	0.0668311	-0.724606	1.60488	4.0	-0.144448	-0.66291	1.35186	5.0	-0.294073	-0.695904	1.11258	6.0	-0.419833	-0.698136	0.90851	7.0	-0.450415	-0.700073	0.854025	8.0	0.179652	-0.680193	1.3176	9.0	0.241945	-0.704111	1.04675	10.0	0.270513	-0.675668	0.814108	11.0	0.255754	-0.662501	0.741	12.0	-0.0876788	-0.685106	0.845176	13.0	-0.126893	-0.618816	0.516542	14.0	-0.133555	-0.517692	0.206703	15.0	-0.152165	-0.393031	0.136868	16.0	0.0514402	-0.682123	0.825462	17.0	0.0227751	-0.673723	0.503277	18.0	0.0388007	-0.72176	0.239826	19.0	-0.0249411	-0.586488	0.205759	20.0	0.0212204	-0.70688	1.39992	21.0	-0.466774	-0.712277	0.784364	22.0	-0.430743	-0.665371	0.858763	23.0	0.242032	-0.652447	0.662038	24.0	0.243165	-0.615622	0.711529
19.127	0.0	-0.0270014	-0.67007	0.831188	1.0	-0.00928862	-0.667426	1.15597	2.0	0.0028038	-0.652247	1.47397	3.0	0.0414643	-0.68343	1.59408	4.0	-0.147908	-0.631213	1.3472	5.0	-0.302299	-0.659507	1.10983	6.0	-0.429263	-0.665359	0.89893	7.0	-0.450604	-0.667488	0.848366	8.0	0.158287	-0.60783	1.31299	9.0	0.225701	-0.648776	1.04679	10.0	0.257538	-0.626408	0.779988	11.0	0.249002	-0.603834	0.739386	12.0	-0.112362	-0.647141	0.844011	13.0	-0.123233	-0.58125	0.518457	14.0	-0.120729	-0.499159	0.194672	15.0	-0.148033	-0.373464	0.128555	16.0	0.0286662	-0.620299	0.821678	17.0	0.0268282	-0.657722	0.519605	18.0	0.0391779	-0.715192	0.258712	19.0	-0.0223497	-0.581119	0.218627	20.0	0.000814755	-0.65839	1.39542	21.0	-0.464146	-0.674176	0.778188	22.0	-0.458324	-0.672458	0.797011	23.0	0.237191	-0.631801	0.680284	24.0	0.23449	-0.562816	0.709261
19.161	0.0	-0.00785378	-0.666302	0.831117	1.0	0.000450256	-0.664226	1.15494	2.0	0.00658459	-0.649765	1.47263	3.0	0.0413018	-0.68282	1.59479	4.0	-0.153643	-0.619902	1.34606	5.0	-0.304358	-0.648296	1.10644	6.0	-0.42523	-0.655141	0.901931	7.0	-0.447925	-0.661649	0.835235	8.0	0.16176	-0.611794	1.31225	9.0	0.230193	-0.648382	1.0454	10.0	0.267523	-0.624278	0.808206	11.0	0.26244	-0.608764	0.743695	12.0	-0.0944729	-0.634904	0.841859	13.0	-0.118239	-0.579939	0.519194	14.0	-0.116402	-0.49364	0.193743	15.0	-0.134983	-0.36647	0.126759	16.0	0.0504613	-0.623526	0.82366	17.0	-0.0373447	-0.60199	0.490601	18.0	0.0465073	-0.713549	0.267848	19.0	-0.0142217	-0.57758	0.229715	20.0	0.00577407	-0.65573	1.39411	21.0	-0.458625	-0.666274	0.766874	22.0	-0.427834	-0.618659	0.842118	23.0	0.239557	-0.618674	0.674318	24.0	0.273628	-0.587446	0.710756
19.194	0.0	-0.00206657	-0.658157	0.832502	1.0	0.00235407	-0.656751	1.15493	2.0	0.00377711	-0.641133	1.47103	3.0	0.0386873	-0.671776	1.59766	4.0	-0.160839	-0.599797	1.34117	5.0	-0.304743	-0.631	1.10197	6.0	-0.421855	-0.644153	0.889775	7.0	-0.437121	-0.646127	0.82658	8.0	0.161946	-0.611511	1.31234	9.0	0.233285	-0.635695	1.04405	10.0	0.266319	-0.597021	0.822136	11.0	0.262733	-0.578609	0.749674	12.0	-0.0889805	-0.62005	0.842482	13.0	-0.114301	-0.572888	0.518046	14.0	-0.111324	-0.487151	0.192454	15.0	-0.127494	-0.362594	0.123542	16.0	0.0548151	-0.620038	0.825361	17.0	-0.0365458	-0.601303	0.490428	18.0	0.0594219	-0.715842	0.271113	19.0	-0.00297312	-0.581669	0.22945	20.0	0.00439268	-0.647665	1.39298	21.0	-0.436845	-0.664476	0.750901	22.0	-0.419214	-0.625855	0.809147	23.0	0.243547	-0.579307	0.678502	24.0	0.272528	-0.549336	0.726242
19.227	0.0	-0.000362184	-0.615232	0.829013	1.0	-0.00245162	-0.620521	1.14949	2.0	-0.00870399	-0.611547	1.46349	3.0	0.0279013	-0.646939	1.5934	4.0	-0.169783	-0.571082	1.33725	5.0	-0.305807	-0.603326	1.09734	6.0	-0.420586	-0.598482	0.873787	7.0	-0.438786	-0.601205	0.818191	8.0	0.150448	-0.565378	1.31285	9.0	0.227801	-0.589264	1.04636	10.0	0.26742	-0.563748	0.821481	11.0	0.258089	-0.534692	0.757807	12.0	-0.0883461	-0.584228	0.837275	13.0	-0.110581	-0.540344	0.513937	14.0	-0.104158	-0.477793	0.173212	15.0	-0.122647	-0.35002	0.114448	16.0	0.055881	-0.573022	0.82448	17.0	0.0160332	-0.600173	0.531953	18.0	0.0634525	-0.690097	0.288151	19.0	-0.00259372	-0.561674	0.23841	20.0	-0.00622171	-0.616279	1.38592	21.0	-0.440273	-0.61021	0.738847	22.0	-0.425321	-0.597304	0.791609	23.0	0.239949	-0.544512	0.681559	24.0	0.242606	-0.489632	0.762731
19.26	0.0	-0.0026846	-0.605117	0.825653	1.0	-0.00814003	-0.608172	1.14693	2.0	-0.0192404	-0.597463	1.46181	3.0	0.017216	-0.634653	1.59025	4.0	-0.175267	-0.557986	1.33356	5.0	-0.307984	-0.577513	1.08242	6.0	-0.417224	-0.586937	0.871674	7.0	-0.432571	-0.581603	0.805089	8.0	0.146557	-0.559265	1.31226	9.0	0.22805	-0.583166	1.04715	10.0	0.267948	-0.543743	0.825985	11.0	0.26405	-0.518577	0.757341	12.0	-0.0910896	-0.570169	0.833883	13.0	-0.107943	-0.53114	0.511704	14.0	-0.105627	-0.460496	0.164683	15.0	-0.124372	-0.344972	0.108315	16.0	0.0537677	-0.565345	0.820989	17.0	-0.0374526	-0.562785	0.474005	18.0	0.0746036	-0.683965	0.272611	19.0	0.00452309	-0.556642	0.224167	20.0	-0.0153972	-0.602594	1.38401	21.0	-0.418742	-0.603561	0.716978	22.0	-0.415828	-0.578313	0.79508	23.0	0.254791	-0.512063	0.693243	24.0	0.256893	-0.471955	0.773467
19.295	0.0	-0.00505045	-0.570506	0.826176	1.0	-0.0107725	-0.576243	1.14919	2.0	-0.021783	-0.569708	1.4652	3.0	0.00546522	-0.615266	1.59686	4.0	-0.18364	-0.533714	1.33045	5.0	-0.308827	-0.546913	1.07478	6.0	-0.414692	-0.536803	0.870703	7.0	-0.432189	-0.544958	0.799419	8.0	0.136905	-0.522468	1.31139	9.0	0.220512	-0.524837	1.04438	10.0	0.261793	-0.498773	0.821538	11.0	0.255583	-0.472151	0.76227	12.0	-0.0931612	-0.539284	0.8337	13.0	-0.118026	-0.495555	0.518983	14.0	-0.106981	-0.458664	0.163709	15.0	-0.117341	-0.354302	0.114916	16.0	0.0509781	-0.527823	0.822161	17.0	-0.00974831	-0.54499	0.521614	18.0	0.0591992	-0.662896	0.295496	19.0	-0.002072	-0.539222	0.233775	20.0	-0.018024	-0.573684	1.38717	21.0	-0.424324	-0.559632	0.724353	22.0	-0.411428	-0.543877	0.768457	23.0	0.246918	-0.467515	0.697815	24.0	0.254574	-0.421348	0.763928
19.328	0.0	-0.0104229	-0.543137	0.828586	1.0	-0.0171518	-0.553171	1.15142	2.0	-0.0290573	-0.549945	1.46735	3.0	-0.00388223	-0.587808	1.59617	4.0	-0.191058	-0.515297	1.33086	5.0	-0.309099	-0.533783	1.07265	6.0	-0.412	-0.52081	0.869619	7.0	-0.433719	-0.506154	0.794578	8.0	0.123858	-0.484317	1.30994	9.0	0.217925	-0.507443	1.04931	10.0	0.253222	-0.462148	0.84855	11.0	0.248855	-0.434931	0.765081	12.0	-0.0989985	-0.514646	0.834947	13.0	-0.118985	-0.483371	0.519279	14.0	-0.106423	-0.453685	0.164183	15.0	-0.117272	-0.352351	0.112554	16.0	0.0460206	-0.497375	0.825764	17.0	0.0671022	-0.548793	0.555218	18.0	0.0620659	-0.644087	0.287577	19.0	-0.00108524	-0.520556	0.226623	20.0	-0.0250947	-0.553151	1.38933	21.0	-0.424824	-0.505261	0.718705	22.0	-0.418838	-0.476622	0.802416	23.0	0.242602	-0.436832	0.700433	24.0	0.244294	-0.389588	0.772617
19.361	0.0	-0.00701638	-0.537609	0.829586	1.0	-0.0164158	-0.544764	1.15328	2.0	-0.0321783	-0.537105	1.47055	3.0	-0.00812648	-0.580053	1.59801	4.0	-0.19466	-0.497559	1.33324	5.0	-0.315374	-0.504627	1.0773	6.0	-0.416948	-0.483638	0.869302	7.0	-0.43478	-0.478814	0.801601	8.0	0.128036	-0.484036	1.31748	9.0	0.216235	-0.49573	1.05297	10.0	0.251618	-0.454339	0.847302	11.0	0.250482	-0.424458	0.767101	12.0	-0.0941899	-0.504237	0.836116	13.0	-0.121222	-0.47492	0.511941	14.0	-0.104501	-0.448279	0.161295	15.0	-0.117391	-0.348647	0.107502	16.0	0.0481493	-0.495268	0.826485	17.0	0.0324111	-0.538672	0.531196	18.0	0.0629356	-0.634151	0.283914	19.0	-0.00563399	-0.514973	0.221003	20.0	-0.0270836	-0.541565	1.39215	21.0	-0.435346	-0.487499	0.727044	22.0	-0.411518	-0.492916	0.778422	23.0	0.244471	-0.418061	0.702042	24.0	0.2327	-0.374618	0.79503
19.394	0.0	-0.00907175	-0.514156	0.829962	1.0	-0.0215249	-0.520856	1.15514	2.0	-0.039248	-0.515434	1.47336	3.0	-0.02075	-0.56068	1.60218	4.0	-0.20251	-0.467241	1.33523	5.0	-0.321484	-0.480466	1.07664	6.0	-0.419688	-0.459749	0.868726	7.0	-0.43517	-0.443878	0.803129	8.0	0.128752	-0.475755	1.31913	9.0	0.214116	-0.47312	1.05231	10.0	0.253195	-0.429528	0.848605	11.0	0.244094	-0.401755	0.783648	12.0	-0.0964829	-0.479644	0.835189	13.0	-0.119283	-0.459379	0.519596	14.0	-0.103959	-0.444905	0.169728	15.0	-0.108517	-0.354711	0.107802	16.0	0.046137	-0.47532	0.82799	17.0	0.0542257	-0.516888	0.537781	18.0	0.0536887	-0.573615	0.27764	19.0	-0.0204163	-0.453303	0.220238	20.0	-0.0338318	-0.519092	1.39479	21.0	-0.425426	-0.440674	0.723814	22.0	-0.412602	-0.441799	0.799013	23.0	0.237818	-0.386103	0.713289	24.0	0.220414	-0.331448	0.750913
19.428	0.0	-0.0195884	-0.462165	0.827677	1.0	-0.0329601	-0.473176	1.15341	2.0	-0.0509247	-0.473495	1.47208	3.0	-0.0278441	-0.533205	1.60604	4.0	-0.207861	-0.455138	1.33638	5.0	-0.32651	-0.443114	1.07948	6.0	-0.42111	-0.415162	0.878059	7.0	-0.438189	-0.404478	0.803783	8.0	0.115247	-0.410241	1.31943	9.0	0.196656	-0.416917	1.06196	10.0	0.237252	-0.382139	0.860827	11.0	0.228371	-0.353536	0.777621	12.0	-0.103387	-0.449363	0.831654	13.0	-0.12189	-0.438111	0.516735	14.0	-0.106808	-0.437434	0.168712	15.0	-0.11302	-0.348289	0.105512	16.0	0.0334606	-0.409382	0.828122	17.0	0.0515327	-0.472361	0.51997	18.0	0.049557	-0.554412	0.268468	19.0	-0.0246696	-0.432257	0.21324	20.0	-0.0454478	-0.475858	1.39341	21.0	-0.426853	-0.423762	0.723524	22.0	-0.420319	-0.408202	0.747817	23.0	0.222265	-0.350386	0.717274	24.0	0.216145	-0.301212	0.785777
19.461	0.0	-0.0191355	-0.460854	0.8268	1.0	-0.0331182	-0.472973	1.1535	2.0	-0.0524388	-0.473508	1.47365	3.0	-0.0290422	-0.528687	1.60564	4.0	-0.207942	-0.435929	1.33484	5.0	-0.326669	-0.423442	1.0916	6.0	-0.426715	-0.388861	0.872507	7.0	-0.439944	-0.375645	0.812936	8.0	0.112963	-0.408705	1.31874	9.0	0.20007	-0.421498	1.05501	10.0	0.239817	-0.380466	0.854518	11.0	0.239431	-0.362298	0.779024	12.0	-0.10362	-0.439464	0.828373	13.0	-0.120954	-0.435376	0.516646	14.0	-0.108597	-0.435924	0.17177	15.0	-0.109591	-0.352712	0.104993	16.0	0.0338407	-0.40929	0.827764	17.0	0.0523756	-0.467984	0.516838	18.0	0.0557791	-0.546982	0.224049	19.0	-0.0281697	-0.437144	0.163063	20.0	-0.0464634	-0.475738	1.39442	21.0	-0.425977	-0.402226	0.726837	22.0	-0.408472	-0.387	0.789317	23.0	0.21589	-0.348511	0.709806	24.0	0.248223	-0.323122	0.777807
19.494	0.0	-0.0516082	-0.410167	0.820269	1.0	-0.0533651	-0.435422	1.15378	2.0	-0.0601748	-0.451771	1.47794	3.0	-0.0343958	-0.502212	1.60856	4.0	-0.212431	-0.404802	1.33826	5.0	-0.336264	-0.371522	1.10924	6.0	-0.438525	-0.317978	0.886456	7.0	-0.450166	-0.319843	0.816458	8.0	0.0708567	-0.34025	1.31668	9.0	0.171493	-0.36556	1.05892	10.0	0.217918	-0.334731	0.854691	11.0	0.215359	-0.306923	0.77454	12.0	-0.136134	-0.39657	0.824242	13.0	-0.118369	-0.418436	0.513734	14.0	-0.107902	-0.435889	0.171279	15.0	-0.107476	-0.35457	0.103951	16.0	0.00051649	-0.350064	0.819996	17.0	0.0470216	-0.414616	0.498579	18.0	-0.00351769	-0.49215	0.177187	19.0	0.0486625	-0.474242	0.114667	20.0	-0.0569345	-0.450517	1.39812	21.0	-0.443075	-0.349986	0.738765	22.0	-0.449646	-0.327012	0.800619	23.0	0.207001	-0.31509	0.715116	24.0	0.202552	-0.236701	0.779232
19.527	0.0	-0.0291114	-0.411584	0.824745	1.0	-0.043895	-0.433223	1.15546	2.0	-0.0566768	-0.445834	1.47904	3.0	-0.0313419	-0.497248	1.61037	4.0	-0.214464	-0.393236	1.33825	5.0	-0.3353	-0.364655	1.1106	6.0	-0.439618	-0.291568	0.881883	7.0	-0.452349	-0.277183	0.826946	8.0	0.125811	-0.388287	1.32551	9.0	0.192612	-0.384656	1.05265	10.0	0.227039	-0.343916	0.843914	11.0	0.229338	-0.323103	0.774917	12.0	-0.112724	-0.386177	0.828718	13.0	-0.117681	-0.414258	0.500771	14.0	-0.0998112	-0.429733	0.164421	15.0	-0.104968	-0.34845	0.0959612	16.0	0.0270082	-0.365037	0.825434	17.0	0.0491207	-0.410446	0.494202	18.0	0.0512227	-0.482473	0.159743	19.0	0.0642032	-0.401383	0.0962595	20.0	-0.0526221	-0.44555	1.3992	21.0	-0.448149	-0.271234	0.744054	22.0	-0.426327	-0.253831	0.83744	23.0	0.217854	-0.309198	0.71064	24.0	0.240206	-0.294707	0.783112
19.56	0.0	-0.0255889	-0.392998	0.824107	1.0	-0.041055	-0.410677	1.1516	2.0	-0.0604377	-0.41259	1.47031	3.0	-0.0305681	-0.474587	1.60092	4.0	-0.223418	-0.350505	1.3338	5.0	-0.340537	-0.305001	1.12207	6.0	-0.43808	-0.216917	0.895615	7.0	-0.457976	-0.199426	0.839258	8.0	0.10114	-0.343759	1.32783	9.0	0.185253	-0.3733	1.06432	10.0	0.22675	-0.342474	0.842279	11.0	0.224437	-0.320062	0.767724	12.0	-0.110755	-0.364845	0.825894	13.0	-0.123319	-0.398923	0.482083	14.0	-0.0925871	-0.428867	0.159662	15.0	-0.101736	-0.354128	0.0870594	16.0	0.0287004	-0.347535	0.826141	17.0	0.0501166	-0.352751	0.494057	18.0	0.0563772	-0.422431	0.17495	19.0	0.0653782	-0.34268	0.108985	20.0	-0.054397	-0.414533	1.39174	21.0	-0.461485	-0.202646	0.770462	22.0	-0.434515	-0.198181	0.806155	23.0	0.216061	-0.313191	0.701481	24.0	0.22054	-0.272952	0.786801
19.594	0.0	-0.0233642	-0.387343	0.824077	1.0	-0.0397413	-0.407248	1.15265	2.0	-0.0600238	-0.411377	1.47228	3.0	-0.0289577	-0.469879	1.60437	4.0	-0.221786	-0.347902	1.33409	5.0	-0.339029	-0.295118	1.12823	6.0	-0.435126	-0.164514	0.915846	7.0	-0.454334	-0.144244	0.851065	8.0	0.113552	-0.356609	1.3198	9.0	0.188648	-0.378813	1.05208	10.0	0.229182	-0.349176	0.835133	11.0	0.231848	-0.345193	0.761357	12.0	-0.109134	-0.347867	0.826251	13.0	-0.123608	-0.396683	0.478048	14.0	-0.0919197	-0.427678	0.160714	15.0	-0.105324	-0.353131	0.087519	16.0	0.0299692	-0.346994	0.825981	17.0	0.0604115	-0.32484	0.498212	18.0	0.0780882	-0.34734	0.160472	19.0	0.0850384	-0.264631	0.0959755	20.0	-0.0538733	-0.412926	1.39341	21.0	-0.460309	-0.139653	0.789553	22.0	-0.43703	-0.140971	0.811691	23.0	0.218387	-0.320047	0.699609	24.0	0.201112	-0.310782	0.76913
19.627	0.0	-0.0240595	-0.350112	0.826698	1.0	-0.0390487	-0.382722	1.1553	2.0	-0.0592739	-0.399736	1.47523	3.0	-0.0270346	-0.457749	1.60399	4.0	-0.219532	-0.328686	1.33551	5.0	-0.338297	-0.247093	1.13158	6.0	-0.431461	-0.104974	0.924028	7.0	-0.444926	-0.0785885	0.859003	8.0	0.117269	-0.348907	1.32134	9.0	0.187844	-0.360592	1.05083	10.0	0.220861	-0.336675	0.825044	11.0	0.218094	-0.318784	0.763945	12.0	-0.109904	-0.318787	0.828061	13.0	-0.123367	-0.379795	0.477202	14.0	-0.0922999	-0.424835	0.160916	15.0	-0.107153	-0.350269	0.0874366	16.0	0.0286214	-0.312373	0.828664	17.0	0.0650234	-0.267947	0.481482	18.0	0.0896317	-0.27104	0.163586	19.0	0.0806996	-0.184368	0.0983967	20.0	-0.0531664	-0.398303	1.39638	21.0	-0.450967	-0.0657634	0.796056	22.0	-0.416406	-0.066239	0.842143	23.0	0.213635	-0.317079	0.692815	24.0	0.189214	-0.313135	0.755521
19.66	0.0	-0.0327322	-0.321046	0.809898	1.0	-0.0447927	-0.356927	1.14614	2.0	-0.0623642	-0.379929	1.4732	3.0	-0.0262036	-0.444439	1.59998	4.0	-0.2198	-0.307463	1.34055	5.0	-0.329654	-0.217004	1.15158	6.0	-0.41833	-0.0408053	0.939932	7.0	-0.432512	-0.0162281	0.884643	8.0	0.0935618	-0.291199	1.32462	9.0	0.175073	-0.306506	1.05794	10.0	0.212085	-0.306289	0.833063	11.0	0.205968	-0.290912	0.768348	12.0	-0.124647	-0.28021	0.809562	13.0	-0.127181	-0.364142	0.470808	14.0	-0.0919269	-0.42392	0.161291	15.0	-0.10773	-0.351511	0.0866858	16.0	0.0240986	-0.285966	0.81271	17.0	0.0617949	-0.22516	0.474718	18.0	0.0903176	-0.203965	0.163144	19.0	0.0873296	-0.10862	0.106156	20.0	-0.0569396	-0.376566	1.39267	21.0	-0.425073	-0.00167295	0.816449	22.0	-0.416548	-0.00286824	0.836781	23.0	0.199489	-0.288523	0.693138	24.0	0.186209	-0.2862	0.743518
19.694	0.0	-0.0294663	-0.29887	0.804732	1.0	-0.0434324	-0.340328	1.14043	2.0	-0.0622973	-0.368182	1.4681	3.0	-0.0264377	-0.436271	1.59802	4.0	-0.220541	-0.294236	1.3386	5.0	-0.328317	-0.192489	1.16586	6.0	-0.393422	-0.0229495	0.998323	7.0	-0.415099	0.0387275	0.908772	8.0	0.0959604	-0.281095	1.32199	9.0	0.176854	-0.299534	1.05508	10.0	0.211387	-0.288697	0.805393	11.0	0.2044	-0.274327	0.760872	12.0	-0.121892	-0.266798	0.805728	13.0	-0.127342	-0.353867	0.470346	14.0	-0.091605	-0.418508	0.159137	15.0	-0.11054	-0.339843	0.0880717	16.0	0.0284552	-0.257218	0.807846	17.0	0.0704464	-0.185281	0.479214	18.0	0.0901129	-0.139952	0.178371	19.0	0.0849295	-0.0357822	0.117529	20.0	-0.0566114	-0.363636	1.3873	21.0	-0.417723	0.0601332	0.854118	22.0	-0.413006	0.0534285	0.835379	23.0	0.209317	-0.264751	0.70617	24.0	0.193062	-0.271112	0.779935
19.727	0.0	-0.024917	-0.282713	0.801955	1.0	-0.0401743	-0.328079	1.13863	2.0	-0.0602963	-0.359918	1.46726	3.0	-0.0239891	-0.426189	1.5924	4.0	-0.207652	-0.271243	1.33488	5.0	-0.322474	-0.173135	1.17377	6.0	-0.372078	0.0086966	1.012	7.0	-0.388597	0.0822165	0.927466	8.0	0.0994327	-0.273712	1.31596	9.0	0.181428	-0.297047	1.05004	10.0	0.217264	-0.28764	0.807143	11.0	0.218981	-0.281339	0.76754	12.0	-0.115355	-0.24672	0.802354	13.0	-0.128261	-0.333219	0.479408	14.0	-0.0908703	-0.41699	0.160788	15.0	-0.103047	-0.342484	0.0872693	16.0	0.0314492	-0.245165	0.805733	17.0	0.0703809	-0.145489	0.480093	18.0	0.0931851	-0.0675151	0.179658	19.0	0.0841844	0.0389204	0.126806	20.0	-0.0543134	-0.354401	1.38621	21.0	-0.380157	0.107869	0.871359	22.0	-0.384879	0.0923124	0.853863	23.0	0.218429	-0.274382	0.701994	24.0	0.225031	-0.27419	0.811798
19.76	0.0	-0.0282478	-0.261909	0.797141	1.0	-0.0415376	-0.313345	1.13521	2.0	-0.0603633	-0.350697	1.46516	3.0	-0.0222561	-0.415337	1.58695	4.0	-0.20027	-0.255034	1.33312	5.0	-0.325298	-0.154805	1.18074	6.0	-0.354954	0.0399114	1.04236	7.0	-0.360985	0.125176	0.95471	8.0	0.0912908	-0.244051	1.3065	9.0	0.18563	-0.290176	1.05016	10.0	0.219791	-0.283352	0.807862	11.0	0.222495	-0.266244	0.778468	12.0	-0.118611	-0.227844	0.798945	13.0	-0.128145	-0.325056	0.475896	14.0	-0.087548	-0.410511	0.169746	15.0	-0.107631	-0.337164	0.0959445	16.0	0.0280121	-0.22307	0.799656	17.0	0.0718458	-0.109926	0.481608	18.0	0.0908814	-0.0131873	0.197933	19.0	0.0844288	0.103331	0.135699	20.0	-0.0546417	-0.343855	1.38378	21.0	-0.351423	0.162848	0.897123	22.0	-0.379961	0.144767	0.91214	23.0	0.238302	-0.284414	0.71779	24.0	0.226455	-0.259321	0.809406
19.794	0.0	-0.0324486	-0.23684	0.791715	1.0	-0.0410796	-0.288504	1.12727	2.0	-0.0549972	-0.32672	1.45487	3.0	-0.0252249	-0.390752	1.56585	4.0	-0.189886	-0.219656	1.32103	5.0	-0.332676	-0.135751	1.17567	6.0	-0.338873	0.109957	1.02042	7.0	-0.325641	0.176971	0.95087	8.0	0.0895189	-0.238326	1.30667	9.0	0.19396	-0.273392	1.05228	10.0	0.232969	-0.274569	0.805445	11.0	0.233949	-0.259273	0.780207	12.0	-0.12307	-0.194581	0.793421	13.0	-0.13199	-0.287421	0.505876	14.0	-0.0879728	-0.407936	0.170062	15.0	-0.107749	-0.334233	0.0966978	16.0	0.0239812	-0.204931	0.79463	17.0	0.0712037	-0.0681678	0.472429	18.0	0.0901633	0.042261	0.204428	19.0	0.0745292	0.15841	0.15623	20.0	-0.0505255	-0.319574	1.37404	21.0	-0.299215	0.203146	0.906998	22.0	-0.303265	0.199586	0.897572	23.0	0.238408	-0.254439	0.730277	24.0	0.233394	-0.245321	0.787688
19.827	0.0	-0.032184	-0.222731	0.791307	1.0	-0.0403987	-0.280185	1.12654	2.0	-0.0541828	-0.322899	1.45413	3.0	-0.0234044	-0.388619	1.56191	4.0	-0.190966	-0.218309	1.32294	5.0	-0.317983	-0.11111	1.1768	6.0	-0.30873	0.134246	1.02202	7.0	-0.291151	0.206618	0.963279	8.0	0.114794	-0.225011	1.29296	9.0	0.204103	-0.246925	1.03029	10.0	0.234871	-0.259599	0.806997	11.0	0.235045	-0.233252	0.784022	12.0	-0.12279	-0.183964	0.79368	13.0	-0.130538	-0.282308	0.505799	14.0	-0.0888598	-0.406388	0.171544	15.0	-0.107032	-0.332865	0.098055	16.0	0.0239925	-0.188306	0.793391	17.0	0.073473	-0.0458428	0.479143	18.0	0.0926314	0.106227	0.193019	19.0	0.0786751	0.244652	0.13958	20.0	-0.0497138	-0.314776	1.37328	21.0	-0.277536	0.239796	0.932185	22.0	-0.259794	0.21692	0.910634	23.0	0.230006	-0.20969	0.743762	24.0	0.231156	-0.225173	0.805953
19.86	0.0	-0.0343328	-0.19495	0.788437	1.0	-0.0414948	-0.252588	1.12224	2.0	-0.054012	-0.297967	1.44853	3.0	-0.0246083	-0.373592	1.55411	4.0	-0.192709	-0.194433	1.31522	5.0	-0.332687	-0.115055	1.16546	6.0	-0.299021	0.137475	1.0266	7.0	-0.259217	0.233713	0.973527	8.0	0.059366	-0.179404	1.29748	9.0	0.177073	-0.200895	1.0472	10.0	0.241613	-0.218721	0.777011	11.0	0.232535	-0.203486	0.767595	12.0	-0.12386	-0.158249	0.789684	13.0	-0.124782	-0.268844	0.489567	14.0	-0.0874625	-0.398521	0.171402	15.0	-0.107172	-0.331537	0.0954644	16.0	0.0204748	-0.158819	0.791918	17.0	0.0738206	0.00166295	0.45485	18.0	0.0946212	0.141666	0.177459	19.0	0.0784369	0.274722	0.129532	20.0	-0.0498647	-0.288933	1.36797	21.0	-0.236247	0.266973	0.945985	22.0	-0.242115	0.252434	0.928408	23.0	0.221255	-0.17415	0.746564	24.0	0.221795	-0.18355	0.770205
19.894	0.0	-0.0311032	-0.165157	0.78104	1.0	-0.0365115	-0.213555	1.11419	2.0	-0.047041	-0.248028	1.43964	3.0	-0.0243001	-0.349765	1.5477	4.0	-0.192026	-0.17829	1.31112	5.0	-0.29912	-0.0553263	1.16069	6.0	-0.253402	0.192764	1.01802	7.0	-0.228007	0.254277	0.975309	8.0	0.076939	-0.125828	1.2886	9.0	0.172797	-0.139784	1.02728	10.0	0.227067	-0.154793	0.754351	11.0	0.219336	-0.123418	0.739481	12.0	-0.121742	-0.139217	0.782888	13.0	-0.122708	-0.259109	0.484423	14.0	-0.0850584	-0.391434	0.169709	15.0	-0.10842	-0.329061	0.0926091	16.0	0.0247393	-0.115835	0.784417	17.0	0.0717162	0.0155527	0.457444	18.0	0.0919607	0.153792	0.181968	19.0	0.0744236	0.294518	0.133776	20.0	-0.0433263	-0.241261	1.35921	21.0	-0.201725	0.289414	0.949277	22.0	-0.230485	0.270597	0.932548	23.0	0.227275	-0.132708	0.706555	24.0	0.230178	-0.128549	0.711725
19.927	0.0	-0.0284909	-0.145672	0.778678	1.0	-0.0322592	-0.200207	1.11219	2.0	-0.0420463	-0.24009	1.43791	3.0	-0.0202223	-0.332157	1.54071	4.0	-0.19057	-0.155016	1.30955	5.0	-0.274018	0.0127607	1.14041	6.0	-0.243253	0.208049	1.01285	7.0	-0.202722	0.272798	0.972457	8.0	0.0822044	-0.120875	1.28662	9.0	0.190742	-0.135622	1.03096	10.0	0.237192	-0.144057	0.755818	11.0	0.239648	-0.123262	0.74621	12.0	-0.119209	-0.106971	0.776632	13.0	-0.119126	-0.236355	0.487026	14.0	-0.0847197	-0.390619	0.170062	15.0	-0.107897	-0.327885	0.0931577	16.0	0.0265976	-0.107983	0.784395	17.0	0.0674984	0.0457565	0.463856	18.0	0.0874319	0.157564	0.183011	19.0	0.0712359	0.296594	0.132045	20.0	-0.0386079	-0.23257	1.35752	21.0	-0.170596	0.308907	0.948179	22.0	-0.197644	0.28595	0.930241	23.0	0.236379	-0.101181	0.714174	24.0	0.23662	-0.108642	0.757582
19.961	0.0	-0.0296048	-0.113632	0.769972	1.0	-0.0280554	-0.170676	1.10613	2.0	-0.0327603	-0.214409	1.43415	3.0	-0.00525209	-0.301477	1.53799	4.0	-0.186807	-0.12075	1.30126	5.0	-0.281379	0.0130595	1.13451	6.0	-0.221602	0.227406	1.00811	7.0	-0.180899	0.285112	0.966035	8.0	0.0911755	-0.0691388	1.26611	9.0	0.201322	-0.0923095	1.01261	10.0	0.247371	-0.0847868	0.795137	11.0	0.238422	-0.0770984	0.741843	12.0	-0.118511	-0.0955756	0.771476	13.0	-0.116552	-0.229025	0.482566	14.0	-0.0786538	-0.381891	0.173306	15.0	-0.112039	-0.325723	0.0962002	16.0	0.0225167	-0.0558802	0.774866	17.0	0.0688707	0.0651449	0.465351	18.0	0.0849681	0.167169	0.182394	19.0	0.0700842	0.303338	0.127119	20.0	-0.0305051	-0.205916	1.35323	21.0	-0.149484	0.318351	0.940659	22.0	-0.168847	0.29042	0.918247	23.0	0.24319	-0.0808236	0.663614	24.0	0.249145	-0.0742605	0.690411
19.994	0.0	-0.0261547	-0.0845298	0.762373	1.0	-0.0240039	-0.138898	1.09893	2.0	-0.0276618	-0.180534	1.42756	3.0	-0.00281282	-0.256535	1.53283	4.0	-0.179261	-0.0794097	1.29126	5.0	-0.285469	0.0197594	1.12516	6.0	-0.206296	0.239252	1.00094	7.0	-0.161425	0.298899	0.954925	8.0	0.0823793	-0.0572331	1.27421	9.0	0.213805	-0.0725966	1.03027	10.0	0.249487	-0.0556781	0.791558	11.0	0.247177	-0.0418171	0.730387	12.0	-0.115367	-0.0475723	0.759047	13.0	-0.113846	-0.221325	0.467825	14.0	-0.0739305	-0.371194	0.172223	15.0	-0.11311	-0.323874	0.0949605	16.0	0.0258404	-0.0440791	0.770794	17.0	0.0726102	0.0881686	0.445117	18.0	0.0830106	0.181406	0.174934	19.0	0.0652976	0.311864	0.111696	20.0	-0.0256705	-0.172419	1.34646	21.0	-0.116228	0.322515	0.924215	22.0	-0.115239	0.317283	0.908961	23.0	0.240309	-0.0376478	0.649288	24.0	0.248936	-0.0294543	0.664245
20.027	0.0	-0.0170579	-0.0592525	0.761149	1.0	-0.0164554	-0.118158	1.09919	2.0	-0.021434	-0.163676	1.42891	3.0	0.00377615	-0.245248	1.53259	4.0	-0.173554	-0.0574455	1.29048	5.0	-0.281886	0.0297934	1.1199	6.0	-0.205184	0.239811	1.00121	7.0	-0.153252	0.310998	0.943717	8.0	0.0907136	-0.0295204	1.28316	9.0	0.220156	-0.0279037	1.03608	10.0	0.263998	-0.0237016	0.788857	11.0	0.259518	-0.00488898	0.713712	12.0	-0.108216	-0.0383561	0.757162	13.0	-0.108392	-0.17495	0.477745	14.0	-0.0696314	-0.357384	0.171391	15.0	-0.114566	-0.326355	0.0953646	16.0	0.0358854	-0.00272468	0.771667	17.0	0.078029	0.109189	0.438545	18.0	0.0883419	0.198002	0.165696	19.0	0.0660582	0.317844	0.103172	20.0	-0.0191354	-0.154689	1.34758	21.0	-0.120744	0.340204	0.898063	22.0	-0.137687	0.333742	0.952338	23.0	0.253085	-0.0086761	0.652985	24.0	0.239611	-0.00547402	0.724271
20.06	0.0	-0.00797566	-0.0229961	0.766585	1.0	-0.00154747	-0.0743554	1.10155	2.0	-0.00110584	-0.11466	1.42774	3.0	0.0175276	-0.21138	1.52803	4.0	-0.165235	-0.0300924	1.29836	5.0	-0.262957	0.105951	1.10907	6.0	-0.166192	0.291698	0.959152	7.0	-0.141062	0.320608	0.925625	8.0	0.178943	-0.0199595	1.26692	9.0	0.252074	-0.0198054	0.995841	10.0	0.282358	0.00717366	0.787516	11.0	0.279482	0.0197329	0.718242	12.0	-0.0906673	0.0109553	0.769231	13.0	-0.105166	-0.164891	0.475294	14.0	-0.0729615	-0.350594	0.17425	15.0	-0.112615	-0.310728	0.0967297	16.0	0.038717	0.0144306	0.771312	17.0	0.0838004	0.129588	0.449742	18.0	0.0890079	0.199794	0.168441	19.0	0.066432	0.318204	0.103043	20.0	6.82394e-05	-0.106389	1.3473	21.0	-0.097598	0.344331	0.878604	22.0	-0.133431	0.342379	0.948671	23.0	0.269763	0.0301255	0.650427	24.0	0.257381	0.0043927	0.724572
20.094	0.0	-0.000672506	0.00709294	0.762335	1.0	-0.000279027	-0.0481991	1.10245	2.0	-0.00536128	-0.0879872	1.43396	3.0	0.0329549	-0.162495	1.53873	4.0	-0.165433	0.00474408	1.29461	5.0	-0.236666	0.128399	1.10461	6.0	-0.164395	0.297021	0.95725	7.0	-0.134764	0.337668	0.905287	8.0	0.16596	0.0406338	1.27312	9.0	0.24939	0.0460442	1.00467	10.0	0.28488	0.0640831	0.788273	11.0	0.279194	0.0741152	0.714941	12.0	-0.0882034	0.0341536	0.764664	13.0	-0.107789	-0.0991753	0.507614	14.0	-0.0780909	-0.304281	0.214978	15.0	-0.101694	-0.173787	0.179283	16.0	0.0510071	0.0533252	0.765915	17.0	0.0851192	0.150966	0.451168	18.0	0.0918422	0.208627	0.168094	19.0	0.0674523	0.319523	0.101479	20.0	-0.00284868	-0.0807489	1.35207	21.0	-0.0914384	0.348488	0.855408	22.0	-0.128115	0.364313	0.921977	23.0	0.270039	0.0728073	0.652772	24.0	0.259188	0.0624322	0.682955
20.127	0.0	0.00493972	0.0290016	0.764712	1.0	0.00281754	-0.0402509	1.10419	2.0	-0.00430599	-0.0874762	1.43481	3.0	0.0472284	-0.136698	1.56072	4.0	-0.158269	0.0201932	1.2986	5.0	-0.228763	0.138903	1.11258	6.0	-0.162402	0.307259	0.952575	7.0	-0.135209	0.351765	0.889737	8.0	0.168509	0.0406116	1.27556	9.0	0.254692	0.0480591	1.00761	10.0	0.291968	0.0750176	0.789133	11.0	0.290385	0.09655	0.721947	12.0	-0.0825725	0.0570658	0.766036	13.0	-0.0989963	-0.056918	0.519227	14.0	-0.0784787	-0.273943	0.234788	15.0	-0.097373	-0.143087	0.198688	16.0	0.0550939	0.0718906	0.768802	17.0	0.0882912	0.172948	0.458541	18.0	0.0927334	0.213728	0.170114	19.0	0.0682708	0.321774	0.0994675	20.0	-0.00146329	-0.079139	1.35314	21.0	-0.0944451	0.363394	0.832453	22.0	-0.128029	0.379469	0.911691	23.0	0.275281	0.112205	0.657699	24.0	0.274739	0.0771744	0.707286
20.16	0.0	0.0094026	0.0548624	0.767309	1.0	0.0128371	0.0212339	1.11509	2.0	0.00834603	-0.00973181	1.45327	3.0	0.0510829	-0.0923807	1.55534	4.0	-0.132752	0.0822925	1.30791	5.0	-0.213849	0.167606	1.11529	6.0	-0.160758	0.339483	0.933964	7.0	-0.136446	0.37122	0.867024	8.0	0.179115	0.079071	1.27788	9.0	0.262221	0.0729105	1.00933	10.0	0.299336	0.117155	0.79698	11.0	0.291729	0.132295	0.733228	12.0	-0.0797826	0.096961	0.769517	13.0	-0.0996261	-0.0205596	0.529276	14.0	-0.0817867	-0.241363	0.247625	15.0	-0.0937779	-0.110335	0.211482	16.0	0.0599227	0.0873953	0.770705	17.0	0.0875239	0.191643	0.460312	18.0	0.0932794	0.221145	0.168149	19.0	0.0683891	0.321722	0.0986525	20.0	0.0106149	-0.00428896	1.36988	21.0	-0.0961199	0.375504	0.806863	22.0	-0.128642	0.40003	0.887776	23.0	0.287516	0.139677	0.669939	24.0	0.273142	0.112594	0.732168
20.194	0.0	0.0181249	0.0841506	0.794811	1.0	0.0189556	0.0376912	1.12644	2.0	0.0151565	0.0079383	1.45692	3.0	0.0585505	-0.0617452	1.5656	4.0	-0.131443	0.10204	1.31387	5.0	-0.201887	0.190954	1.11786	6.0	-0.160422	0.351324	0.927541	7.0	-0.14192	0.386815	0.852759	8.0	0.18853	0.0954846	1.28625	9.0	0.263937	0.0933761	1.01474	10.0	0.302201	0.127956	0.797995	11.0	0.294595	0.156177	0.736458	12.0	-0.0642902	0.101311	0.79078	13.0	-0.100047	-0.00781371	0.53073	14.0	-0.0840501	-0.225626	0.24643	15.0	-0.0950476	-0.0946013	0.210479	16.0	0.0580513	0.143298	0.80181	17.0	0.091218	0.200915	0.465393	18.0	0.0944407	0.225741	0.169096	19.0	0.0686303	0.322671	0.0981658	20.0	0.0171792	0.0128612	1.37533	21.0	-0.105599	0.387035	0.791991	22.0	-0.128765	0.412924	0.869179	23.0	0.288938	0.171017	0.679587	24.0	0.262544	0.15554	0.69346
20.227	0.0	0.0190605	0.097463	0.795947	1.0	0.0263099	0.0676703	1.13277	2.0	0.0296209	0.0523213	1.46314	3.0	0.0678794	-0.0209999	1.57477	4.0	-0.128358	0.135029	1.31947	5.0	-0.19703	0.209285	1.11849	6.0	-0.162987	0.369489	0.913482	7.0	-0.149307	0.3991	0.842038	8.0	0.191554	0.146783	1.29168	9.0	0.269341	0.137899	1.02121	10.0	0.296419	0.160446	0.806752	11.0	0.28879	0.185335	0.741464	12.0	-0.0627621	0.118993	0.798058	13.0	-0.0921075	-0.0174736	0.467088	14.0	-0.0822338	-0.24488	0.190768	15.0	-0.0991369	-0.114165	0.155061	16.0	0.0598864	0.149949	0.799715	17.0	0.0947661	0.208998	0.468786	18.0	0.0959425	0.228802	0.169033	19.0	0.0716498	0.328821	0.0931952	20.0	0.0298494	0.0537955	1.38178	21.0	-0.11611	0.398091	0.781282	22.0	-0.141268	0.426296	0.871335	23.0	0.278475	0.196643	0.684312	24.0	0.269446	0.162511	0.751752
20.26	0.0	0.0243824	0.121043	0.797727	1.0	0.0322231	0.095748	1.1364	2.0	0.0336602	0.0816715	1.46688	3.0	0.0694538	0.0215424	1.58298	4.0	-0.125234	0.156821	1.32222	5.0	-0.193629	0.229977	1.11691	6.0	-0.166226	0.37766	0.909735	7.0	-0.16023	0.414476	0.829133	8.0	0.201338	0.152235	1.29661	9.0	0.273553	0.141941	1.02408	10.0	0.298398	0.16419	0.808248	11.0	0.290892	0.194659	0.744274	12.0	-0.057272	0.142992	0.800957	13.0	-0.0944192	0.0348254	0.481159	14.0	-0.0838315	-0.198194	0.209796	15.0	-0.0961948	-0.0678469	0.17394	16.0	0.0658624	0.169455	0.799672	17.0	0.0981459	0.219666	0.469952	18.0	0.0981481	0.231668	0.168223	19.0	0.0714574	0.328737	0.0933947	20.0	0.0344991	0.0829829	1.38546	21.0	-0.127833	0.420858	0.771353	22.0	-0.156945	0.45319	0.853548	23.0	0.277823	0.21177	0.686118	24.0	0.267845	0.173635	0.731478
20.294	0.0	0.0245052	0.134259	0.801321	1.0	0.0345044	0.118702	1.13945	2.0	0.0389155	0.119314	1.46834	3.0	0.0749022	0.0674997	1.58713	4.0	-0.121534	0.177894	1.32457	5.0	-0.191264	0.243085	1.11659	6.0	-0.175146	0.386713	0.900545	7.0	-0.171403	0.423449	0.821375	8.0	0.210169	0.188981	1.29698	9.0	0.281475	0.162336	1.02637	10.0	0.298596	0.175829	0.808524	11.0	0.293969	0.204513	0.746805	12.0	-0.0584089	0.163584	0.807091	13.0	-0.080954	0.0223061	0.461131	14.0	-0.0819204	-0.148439	0.262154	15.0	-0.121093	-0.150835	0.157706	16.0	0.0671067	0.177305	0.801237	17.0	0.0992213	0.22415	0.47294	18.0	0.0986005	0.232448	0.166646	19.0	0.0714335	0.328261	0.0953497	20.0	0.0389463	0.116526	1.3874	21.0	-0.143457	0.42959	0.761182	22.0	-0.164134	0.460066	0.841491	23.0	0.276543	0.219155	0.687172	24.0	0.271138	0.192849	0.733944
20.327	0.0	0.0448546	0.172315	0.807528	1.0	0.0430416	0.155757	1.14214	2.0	0.0360468	0.151806	1.46843	3.0	0.0811409	0.103062	1.59347	4.0	-0.120281	0.205483	1.32092	5.0	-0.188553	0.264427	1.11647	6.0	-0.186295	0.399243	0.889431	7.0	-0.186316	0.433131	0.813503	8.0	0.212601	0.205815	1.30248	9.0	0.283872	0.175934	1.03195	10.0	0.303839	0.18968	0.810921	11.0	0.298847	0.210971	0.743738	12.0	-0.0405125	0.199372	0.809851	13.0	-0.0900062	0.105871	0.477953	14.0	-0.0792178	-0.126862	0.206293	15.0	-0.134201	-0.10009	0.107934	16.0	0.0899418	0.215073	0.809946	17.0	0.10224	0.228195	0.472361	18.0	0.100608	0.234078	0.163927	19.0	0.0717142	0.328704	0.0949932	20.0	0.0388606	0.15046	1.38802	21.0	-0.16145	0.441516	0.755054	22.0	-0.180475	0.475427	0.836507	23.0	0.283423	0.210667	0.678119	24.0	0.282804	0.188711	0.738407
20.36	0.0	0.0521611	0.18592	0.812488	1.0	0.0479078	0.174979	1.14571	2.0	0.0366858	0.17836	1.47007	3.0	0.0815601	0.132468	1.5976	4.0	-0.120522	0.215582	1.32509	5.0	-0.188367	0.278052	1.1142	6.0	-0.190922	0.401338	0.886622	7.0	-0.197284	0.434576	0.808191	8.0	0.221355	0.221441	1.30614	9.0	0.289869	0.194389	1.03386	10.0	0.30555	0.196432	0.811716	11.0	0.303844	0.213535	0.744845	12.0	-0.0353163	0.210746	0.814316	13.0	-0.0872771	0.156197	0.492812	14.0	-0.080805	-0.0597422	0.205857	15.0	-0.131896	-0.0214426	0.104234	16.0	0.0997238	0.23155	0.815306	17.0	0.106284	0.233746	0.473868	18.0	0.100706	0.23423	0.164022	19.0	0.0723048	0.328149	0.0945799	20.0	0.0408006	0.175085	1.39022	21.0	-0.174229	0.441875	0.747415	22.0	-0.190387	0.468572	0.834652	23.0	0.287915	0.219931	0.686712	24.0	0.293014	0.184159	0.756109
20.394	0.0	0.0681204	0.208784	0.819301	1.0	0.0560367	0.197437	1.14948	2.0	0.0382798	0.19946	1.47145	3.0	0.0838378	0.175848	1.60184	4.0	-0.114907	0.24031	1.32699	5.0	-0.190541	0.28497	1.11469	6.0	-0.202028	0.404955	0.880339	7.0	-0.211764	0.437331	0.805097	8.0	0.220352	0.245525	1.31976	9.0	0.291705	0.208126	1.05015	10.0	0.312135	0.205143	0.813248	11.0	0.315245	0.212641	0.7481	12.0	-0.0216675	0.234156	0.820348	13.0	-0.0852786	0.184816	0.492237	14.0	-0.0832652	0.00704312	0.177798	15.0	-0.132139	0.0519921	0.0914771	16.0	0.117117	0.253138	0.822587	17.0	0.11023	0.23857	0.476322	18.0	0.10153	0.234552	0.163067	19.0	0.0722365	0.328911	0.0938845	20.0	0.0439053	0.196608	1.39213	21.0	-0.192466	0.448552	0.741536	22.0	-0.209512	0.474871	0.827325	23.0	0.30222	0.209259	0.686218	24.0	0.297289	0.188022	0.721278
20.427	0.0	0.0724248	0.222439	0.820347	1.0	0.0589949	0.219053	1.15021	2.0	0.0381178	0.229685	1.47137	3.0	0.0835228	0.193787	1.60398	4.0	-0.115764	0.253315	1.32818	5.0	-0.190995	0.289369	1.11336	6.0	-0.20851	0.399911	0.872267	7.0	-0.221143	0.427408	0.800296	8.0	0.222543	0.266046	1.31774	9.0	0.29614	0.223783	1.0499	10.0	0.321116	0.217193	0.827565	11.0	0.321123	0.22094	0.754108	12.0	-0.0179701	0.244709	0.821475	13.0	-0.0792694	0.210277	0.475812	14.0	-0.0801873	0.0764059	0.172223	15.0	-0.128696	0.143728	0.0995574	16.0	0.121824	0.270228	0.823488	17.0	0.113327	0.245429	0.478047	18.0	0.102048	0.235871	0.162396	19.0	0.0723001	0.328737	0.0931835	20.0	0.0446757	0.224668	1.39229	21.0	-0.20073	0.443268	0.734428	22.0	-0.225746	0.472409	0.764309	23.0	0.310656	0.201969	0.685082	24.0	0.295174	0.198985	0.72323
20.46	0.0	0.0745103	0.237067	0.820424	1.0	0.0601433	0.236642	1.15019	2.0	0.0384978	0.248365	1.47132	3.0	0.0816261	0.224301	1.60368	4.0	-0.116074	0.271152	1.32751	5.0	-0.194411	0.299104	1.10045	6.0	-0.22204	0.398383	0.865668	7.0	-0.227213	0.412303	0.791024	8.0	0.225235	0.282025	1.31768	9.0	0.300593	0.238064	1.05079	10.0	0.328972	0.226231	0.828497	11.0	0.329787	0.229725	0.752651	12.0	-0.0159992	0.26026	0.822188	13.0	-0.0739073	0.239297	0.46032	14.0	-0.0783776	0.155042	0.164786	15.0	-0.138144	0.234303	0.0911909	16.0	0.123782	0.283421	0.823011	17.0	0.114802	0.254255	0.47818	18.0	0.102555	0.237156	0.160866	19.0	0.0727927	0.329362	0.0925668	20.0	0.0452068	0.243233	1.39224	21.0	-0.215109	0.431094	0.723008	22.0	-0.258693	0.451579	0.806312	23.0	0.321965	0.211201	0.685601	24.0	0.323626	0.214518	0.713638
20.495	0.0	0.0772826	0.250656	0.819549	1.0	0.0610766	0.253783	1.1486	2.0	0.0373727	0.269864	1.4689	3.0	0.0789392	0.244825	1.60183	4.0	-0.117498	0.287372	1.32548	5.0	-0.198199	0.305253	1.08903	6.0	-0.230674	0.393251	0.854878	7.0	-0.229672	0.395486	0.782696	8.0	0.221478	0.313134	1.31546	9.0	0.303797	0.258814	1.05363	10.0	0.336407	0.246489	0.837333	11.0	0.335147	0.247623	0.755895	12.0	-0.0136967	0.271623	0.822138	13.0	-0.0686339	0.27692	0.464749	14.0	-0.0836664	0.232927	0.146273	15.0	-0.144676	0.330535	0.0826197	16.0	0.126873	0.299268	0.821196	17.0	0.117189	0.262443	0.47287	18.0	0.10246	0.240972	0.158373	19.0	0.0729574	0.330634	0.0916624	20.0	0.0446216	0.263555	1.39004	21.0	-0.230468	0.412748	0.710463	22.0	-0.288072	0.430396	0.793095	23.0	0.336039	0.221216	0.688415	24.0	0.329608	0.22381	0.722986
20.527	0.0	0.0750842	0.263462	0.819192	1.0	0.0590114	0.269339	1.1485	2.0	0.0358678	0.287511	1.46918	3.0	0.0821775	0.27811	1.60177	4.0	-0.119738	0.300818	1.32455	5.0	-0.204104	0.311824	1.07963	6.0	-0.23909	0.384075	0.844325	7.0	-0.220306	0.376142	0.770586	8.0	0.22154	0.329189	1.31306	9.0	0.308398	0.272508	1.05361	10.0	0.342525	0.259277	0.838356	11.0	0.342187	0.268562	0.757879	12.0	-0.0160346	0.284301	0.823112	13.0	-0.0685226	0.299248	0.46238	14.0	-0.0787188	0.299947	0.143898	15.0	-0.136755	0.392206	0.0857015	16.0	0.124711	0.312011	0.819594	17.0	0.118113	0.274361	0.456218	18.0	0.0992746	0.247254	0.152018	19.0	0.0733889	0.334018	0.0907521	20.0	0.0429382	0.280753	1.39022	21.0	-0.24307	0.39786	0.698322	22.0	-0.290766	0.408177	0.814419	23.0	0.328793	0.250867	0.690868	24.0	0.356417	0.289889	0.740513
20.561	0.0	0.0762167	0.274727	0.818606	1.0	0.058988	0.284328	1.14733	2.0	0.034373	0.306723	1.46731	3.0	0.0767165	0.297207	1.6036	4.0	-0.121912	0.320365	1.32246	5.0	-0.205972	0.316168	1.07391	6.0	-0.241589	0.374157	0.845334	7.0	-0.265715	0.381435	0.769968	8.0	0.219626	0.344716	1.31487	9.0	0.309083	0.289693	1.05592	10.0	0.351266	0.281269	0.84397	11.0	0.354589	0.28914	0.759705	12.0	-0.0150414	0.296444	0.823	13.0	-0.0643851	0.336999	0.461197	14.0	-0.0866208	0.360934	0.14447	15.0	-0.112779	0.461257	0.0899011	16.0	0.125829	0.32223	0.818631	17.0	0.116363	0.290619	0.437581	18.0	0.0954141	0.263891	0.15046	19.0	0.073489	0.347033	0.0877169	20.0	0.0418437	0.298859	1.38853	21.0	-0.252799	0.384493	0.691037	22.0	-0.296408	0.384445	0.740048	23.0	0.347206	0.270625	0.692084	24.0	0.367547	0.306407	0.725918
20.595	0.0	0.0755422	0.290757	0.817139	1.0	0.0569104	0.304017	1.14543	2.0	0.0309226	0.329579	1.46507	3.0	0.0708312	0.31253	1.60046	4.0	-0.122412	0.339892	1.3208	5.0	-0.208177	0.320801	1.06579	6.0	-0.247601	0.36673	0.846546	7.0	-0.270389	0.366861	0.766562	8.0	0.219174	0.362462	1.31482	9.0	0.308657	0.308079	1.05569	10.0	0.358778	0.306114	0.851119	11.0	0.358537	0.317454	0.764093	12.0	-0.0156477	0.311594	0.823037	13.0	-0.0563246	0.35374	0.454618	14.0	-0.0781094	0.427336	0.1461	15.0	-0.136055	0.549075	0.0860982	16.0	0.124923	0.339074	0.815618	17.0	0.110035	0.307368	0.428928	18.0	0.0987404	0.278375	0.15215	19.0	0.0689492	0.378685	0.083318	20.0	0.0387298	0.320983	1.38637	21.0	-0.267073	0.369042	0.685988	22.0	-0.310245	0.377226	0.762781	23.0	0.351797	0.296176	0.693322	24.0	0.368062	0.343446	0.757244
20.627	0.0	0.0759146	0.309313	0.817841	1.0	0.0550509	0.322513	1.14583	2.0	0.0269966	0.348016	1.46517	3.0	0.0676052	0.336899	1.59926	4.0	-0.12835	0.35777	1.31853	5.0	-0.210542	0.326078	1.06331	6.0	-0.266068	0.35592	0.834312	7.0	-0.276725	0.352472	0.763741	8.0	0.216067	0.382538	1.3162	9.0	0.3107	0.335703	1.05711	10.0	0.359608	0.342809	0.849718	11.0	0.359711	0.347657	0.763661	12.0	-0.0157956	0.331397	0.824712	13.0	-0.0709665	0.401312	0.478696	14.0	-0.0872833	0.476624	0.157093	15.0	-0.12411	0.606159	0.107093	16.0	0.125582	0.356156	0.815473	17.0	0.0459563	0.3544	0.427903	18.0	0.107302	0.283199	0.161093	19.0	0.0637877	0.41152	0.102422	20.0	0.0353124	0.339425	1.38656	21.0	-0.267448	0.346117	0.678469	22.0	-0.309418	0.355734	0.760244	23.0	0.356638	0.332678	0.698029	24.0	0.331203	0.395651	0.784013
20.66	0.0	0.0710436	0.327816	0.817821	1.0	0.0483503	0.34356	1.14409	2.0	0.018356	0.371671	1.46148	3.0	0.0626828	0.356993	1.59966	4.0	-0.133552	0.374634	1.31626	5.0	-0.213484	0.332837	1.05678	6.0	-0.26896	0.353009	0.832404	7.0	-0.2785	0.342309	0.754236	8.0	0.213973	0.398061	1.31658	9.0	0.307081	0.358826	1.05504	10.0	0.359202	0.365721	0.848864	11.0	0.360298	0.376598	0.763047	12.0	-0.0202072	0.349301	0.825794	13.0	-0.0691403	0.41055	0.487337	14.0	-0.0880644	0.514195	0.169892	15.0	-0.119976	0.643592	0.11292	16.0	0.120133	0.375164	0.814324	17.0	0.0448365	0.361373	0.427625	18.0	0.130474	0.293585	0.186464	19.0	0.0440197	0.422995	0.169106	20.0	0.0271673	0.362424	1.38337	21.0	-0.266768	0.339488	0.670522	22.0	-0.312998	0.35084	0.751104	23.0	0.350786	0.365966	0.694374	24.0	0.352857	0.4098	0.73389
20.695	0.0	0.0669965	0.349474	0.816755	1.0	0.0437552	0.364547	1.14362	2.0	0.0134091	0.391697	1.46171	3.0	0.0551271	0.381028	1.59521	4.0	-0.140296	0.39648	1.31353	5.0	-0.217263	0.342077	1.05164	6.0	-0.272342	0.34932	0.82692	7.0	-0.282077	0.336666	0.75464	8.0	0.205453	0.428644	1.31397	9.0	0.300956	0.381498	1.05527	10.0	0.355989	0.401636	0.841248	11.0	0.356962	0.411841	0.764342	12.0	-0.0246652	0.371012	0.825342	13.0	-0.0740318	0.451309	0.483731	14.0	-0.0851662	0.559678	0.161574	15.0	-0.11939	0.693185	0.10845	16.0	0.116343	0.396599	0.812726	17.0	0.0194955	0.411448	0.463198	18.0	0.12012	0.305158	0.21194	19.0	0.0377181	0.433916	0.183309	20.0	0.0222926	0.382715	1.38342	21.0	-0.276773	0.330365	0.677413	22.0	-0.314792	0.348809	0.754883	23.0	0.350631	0.401915	0.697323	24.0	0.359714	0.446847	0.755042
20.727	0.0	0.0622512	0.371366	0.816101	1.0	0.0392145	0.384025	1.141	2.0	0.00903072	0.409167	1.45733	3.0	0.0458159	0.40012	1.59321	4.0	-0.147253	0.41396	1.31016	5.0	-0.224286	0.355024	1.04258	6.0	-0.274424	0.348022	0.823564	7.0	-0.28508	0.335303	0.751431	8.0	0.201437	0.444255	1.31057	9.0	0.296781	0.410952	1.04868	10.0	0.35088	0.433952	0.839306	11.0	0.349842	0.450259	0.761925	12.0	-0.0306459	0.395256	0.824539	13.0	-0.0650123	0.462392	0.485925	14.0	-0.0861424	0.569835	0.16061	15.0	-0.118909	0.707878	0.114507	16.0	0.112571	0.416172	0.812258	17.0	0.00985953	0.42875	0.466937	18.0	0.124217	0.317727	0.22632	19.0	0.0433034	0.447205	0.196158	20.0	0.0178792	0.400656	1.37946	21.0	-0.270742	0.327986	0.668679	22.0	-0.322058	0.348125	0.752422	23.0	0.33731	0.44796	0.694802	24.0	0.346037	0.486501	0.739171
20.76	0.0	0.0530342	0.396573	0.814011	1.0	0.0301269	0.406615	1.13966	2.0	0.000228113	0.428904	1.45653	3.0	0.0371614	0.412785	1.59	4.0	-0.155252	0.432123	1.30651	5.0	-0.22861	0.368054	1.04056	6.0	-0.278053	0.348926	0.819657	7.0	-0.285979	0.335545	0.748383	8.0	0.195149	0.463993	1.30543	9.0	0.292928	0.434637	1.04382	10.0	0.34386	0.468008	0.841473	11.0	0.34485	0.48617	0.762952	12.0	-0.0391825	0.416692	0.822637	13.0	-0.0651571	0.496484	0.477533	14.0	-0.084864	0.586756	0.151041	15.0	-0.116135	0.717605	0.100549	16.0	0.102655	0.44515	0.810099	17.0	0.141572	0.386884	0.509518	18.0	0.123972	0.334736	0.246427	19.0	0.0427203	0.461247	0.209174	20.0	0.00899118	0.421122	1.37855	21.0	-0.26717	0.317842	0.665025	22.0	-0.32025	0.341299	0.74875	23.0	0.343868	0.471396	0.69595	24.0	0.343769	0.520843	0.741859
20.794	0.0	0.0496658	0.417609	0.812047	1.0	0.024142	0.42695	1.13748	2.0	-0.00851753	0.448783	1.45406	3.0	0.0254904	0.432494	1.58653	4.0	-0.16367	0.452121	1.30525	5.0	-0.23501	0.387266	1.03648	6.0	-0.282468	0.354791	0.817662	7.0	-0.289386	0.346252	0.744628	8.0	0.183469	0.491245	1.30181	9.0	0.28502	0.465889	1.04112	10.0	0.33406	0.506409	0.84091	11.0	0.33371	0.527882	0.764839	12.0	-0.0423019	0.436229	0.82045	13.0	-0.0689224	0.517508	0.466802	14.0	-0.082493	0.592	0.149487	15.0	-0.116776	0.722651	0.0944393	16.0	0.098854	0.467337	0.808472	17.0	0.137171	0.397213	0.507794	18.0	0.127692	0.33703	0.246657	19.0	0.045833	0.463395	0.209311	20.0	0.000952263	0.4411	1.37616	21.0	-0.271054	0.330762	0.668761	22.0	-0.325324	0.355103	0.738823	23.0	0.328529	0.528338	0.699658	24.0	0.339724	0.562018	0.765756
20.827	0.0	0.0351903	0.450399	0.811006	1.0	0.0120886	0.452726	1.13529	2.0	-0.0182456	0.468123	1.45099	3.0	0.0102846	0.45369	1.58215	4.0	-0.173002	0.469582	1.30021	5.0	-0.244208	0.408451	1.03028	6.0	-0.288426	0.369386	0.81143	7.0	-0.295553	0.363514	0.737832	8.0	0.172348	0.511772	1.30204	9.0	0.275548	0.490213	1.04143	10.0	0.324978	0.53459	0.841937	11.0	0.323861	0.559186	0.762819	12.0	-0.0570763	0.466418	0.817897	13.0	-0.0739064	0.534421	0.473454	14.0	-0.0819782	0.594646	0.148541	15.0	-0.117366	0.725643	0.090827	16.0	0.0845464	0.502877	0.809099	17.0	0.140755	0.428625	0.515871	18.0	0.125229	0.364766	0.255809	19.0	0.0412248	0.487535	0.213805	20.0	-0.00934904	0.461986	1.37328	21.0	-0.278295	0.34915	0.662315	22.0	-0.332411	0.378689	0.721464	23.0	0.319488	0.551784	0.697455	24.0	0.322563	0.593894	0.71342
20.86	0.0	0.0282523	0.471927	0.811671	1.0	0.00228402	0.474224	1.13561	2.0	-0.0307029	0.488771	1.45067	3.0	-0.00212049	0.468568	1.5832	4.0	-0.184433	0.4909	1.29781	5.0	-0.252479	0.435732	1.02545	6.0	-0.302494	0.399044	0.797917	7.0	-0.303982	0.389775	0.731536	8.0	0.161791	0.532738	1.3036	9.0	0.265169	0.516021	1.04291	10.0	0.309615	0.574047	0.844794	11.0	0.309427	0.597413	0.768668	12.0	-0.0654112	0.492966	0.818171	13.0	-0.0794581	0.552942	0.477378	14.0	-0.0831623	0.603437	0.143784	15.0	-0.116047	0.729357	0.0860041	16.0	0.0788008	0.519598	0.810011	17.0	0.123577	0.447241	0.504474	18.0	0.119647	0.377737	0.246153	19.0	0.0389474	0.502363	0.203231	20.0	-0.0211766	0.482932	1.37315	21.0	-0.285843	0.376015	0.656539	22.0	-0.340517	0.406602	0.723843	23.0	0.305726	0.600375	0.705853	24.0	0.310948	0.639153	0.747416
20.894	0.0	0.0203908	0.500517	0.812577	1.0	-0.00646456	0.495736	1.13761	2.0	-0.0400126	0.504569	1.45334	3.0	-0.0170633	0.485086	1.58413	4.0	-0.192131	0.509844	1.29824	5.0	-0.257434	0.45927	1.02404	6.0	-0.307599	0.433515	0.810183	7.0	-0.311939	0.42157	0.726027	8.0	0.151714	0.553928	1.30663	9.0	0.247785	0.555679	1.04715	10.0	0.298505	0.59577	0.847302	11.0	0.293879	0.626696	0.77422	12.0	-0.0718242	0.51566	0.81772	13.0	-0.0876693	0.579377	0.493712	14.0	-0.0831268	0.608658	0.139055	15.0	-0.115962	0.735689	0.0761963	16.0	0.0692841	0.553828	0.812624	17.0	0.0052223	0.527888	0.457476	18.0	0.120177	0.395988	0.26477	19.0	0.0381897	0.516345	0.215555	20.0	-0.0303653	0.500036	1.37569	21.0	-0.298725	0.417081	0.654655	22.0	-0.342228	0.426366	0.71223	23.0	0.287607	0.635608	0.708923	24.0	0.272176	0.671498	0.788232
20.927	0.0	0.0112595	0.521895	0.815453	1.0	-0.0152883	0.51328	1.14054	2.0	-0.0483201	0.517566	1.4562	3.0	-0.0298148	0.493312	1.58668	4.0	-0.19813	0.526142	1.30276	5.0	-0.261895	0.489371	1.02509	6.0	-0.316397	0.468563	0.800173	7.0	-0.321364	0.463016	0.735806	8.0	0.132483	0.577869	1.30788	9.0	0.24185	0.569877	1.0482	10.0	0.286462	0.625421	0.849511	11.0	0.280312	0.654867	0.77842	12.0	-0.0819653	0.538926	0.820347	13.0	-0.0908995	0.587329	0.495237	14.0	-0.083588	0.609896	0.139806	15.0	-0.114882	0.735145	0.0756384	16.0	0.0611766	0.572855	0.815465	17.0	0.00523312	0.535489	0.459327	18.0	0.0699797	0.467215	0.211831	19.0	-0.0124726	0.587897	0.164527	20.0	-0.0388283	0.514204	1.37859	21.0	-0.305805	0.448893	0.651552	22.0	-0.353832	0.465836	0.718909	23.0	0.272318	0.660829	0.714865	24.0	0.272657	0.698739	0.794661
20.96	0.0	0.00150642	0.543194	0.81531	1.0	-0.024697	0.531683	1.14021	2.0	-0.0575085	0.532871	1.45576	3.0	-0.0411689	0.504407	1.59103	4.0	-0.21061	0.544979	1.30208	5.0	-0.274211	0.524608	1.02476	6.0	-0.322443	0.518843	0.810689	7.0	-0.329927	0.510663	0.730451	8.0	0.128683	0.593426	1.30969	9.0	0.235872	0.601369	1.04787	10.0	0.278129	0.649913	0.84712	11.0	0.266762	0.68016	0.781856	12.0	-0.0903885	0.557235	0.817999	13.0	-0.0938791	0.596772	0.493434	14.0	-0.0840518	0.614642	0.13839	15.0	-0.113617	0.734741	0.0744655	16.0	0.0497837	0.597579	0.817907	17.0	-0.0105106	0.555002	0.434488	18.0	0.0781411	0.464618	0.204193	19.0	-0.0071691	0.585263	0.15971	20.0	-0.0480738	0.530326	1.37816	21.0	-0.310926	0.492633	0.646306	22.0	-0.364183	0.530583	0.719554	23.0	0.258943	0.677732	0.716901	24.0	0.254493	0.724675	0.781794
20.994	0.0	-0.00207606	0.565574	0.813536	1.0	-0.0302494	0.547824	1.14081	2.0	-0.0647267	0.544238	1.45813	3.0	-0.0526831	0.515975	1.5918	4.0	-0.215789	0.569517	1.29939	5.0	-0.280508	0.54928	1.02827	6.0	-0.33486	0.569209	0.806342	7.0	-0.339066	0.568012	0.738872	8.0	0.113627	0.614681	1.31204	9.0	0.227551	0.617565	1.05359	10.0	0.268038	0.672668	0.853721	11.0	0.255887	0.707641	0.786919	12.0	-0.0932193	0.57845	0.81512	13.0	-0.0985911	0.605818	0.485892	14.0	-0.0849055	0.61662	0.137376	15.0	-0.113304	0.735093	0.0743189	16.0	0.0454021	0.620429	0.81714	17.0	0.096562	0.558462	0.492021	18.0	0.068154	0.4825	0.237148	19.0	-0.0136849	0.597029	0.179666	20.0	-0.0548762	0.542757	1.38013	21.0	-0.326833	0.567474	0.652206	22.0	-0.380442	0.590525	0.743321	23.0	0.246843	0.704687	0.721069	24.0	0.231012	0.746373	0.808508
21.027	0.0	-0.00632568	0.581622	0.812949	1.0	-0.036372	0.563274	1.14131	2.0	-0.0727542	0.557782	1.45988	3.0	-0.0582014	0.522859	1.59195	4.0	-0.219406	0.582799	1.30307	5.0	-0.290881	0.582184	1.02853	6.0	-0.344517	0.620544	0.812148	7.0	-0.348425	0.624506	0.738023	8.0	0.112169	0.626848	1.31371	9.0	0.223142	0.636943	1.05351	10.0	0.264925	0.688968	0.853289	11.0	0.252724	0.721021	0.789153	12.0	-0.0966905	0.59473	0.813266	13.0	-0.0995865	0.612092	0.479189	14.0	-0.0848648	0.617665	0.138352	15.0	-0.113428	0.733813	0.0731666	16.0	0.0402575	0.636333	0.817752	17.0	0.0676937	0.579727	0.476608	18.0	0.0724785	0.491206	0.226466	19.0	-0.0120356	0.604408	0.169721	20.0	-0.0624456	0.556885	1.38158	21.0	-0.335707	0.61888	0.654255	22.0	-0.38508	0.642346	0.729277	23.0	0.240095	0.719942	0.722473	24.0	0.255111	0.756597	0.797228
21.06	0.0	-0.0134506	0.605345	0.810735	1.0	-0.0443784	0.582639	1.14121	2.0	-0.081729	0.573297	1.46159	3.0	-0.0657551	0.534019	1.59111	4.0	-0.228925	0.603089	1.30328	5.0	-0.302694	0.616018	1.03091	6.0	-0.345444	0.671496	0.821705	7.0	-0.35457	0.685793	0.740765	8.0	0.107457	0.644037	1.31507	9.0	0.217745	0.655386	1.05447	10.0	0.256895	0.716615	0.855729	11.0	0.24791	0.742059	0.789998	12.0	-0.101566	0.614845	0.809596	13.0	-0.100173	0.619633	0.473096	14.0	-0.0841785	0.620241	0.139576	15.0	-0.113466	0.733697	0.0727645	16.0	0.0304298	0.663858	0.81734	17.0	0.0653928	0.595691	0.469418	18.0	0.103003	0.492321	0.134309	19.0	0.0933404	0.571773	0.0691732	20.0	-0.0711757	0.573329	1.38286	21.0	-0.340622	0.6896	0.656878	22.0	-0.391662	0.693224	0.736152	23.0	0.242996	0.732699	0.721999	24.0	0.227766	0.781312	0.808569
21.094	0.0	-0.0189661	0.616775	0.807814	1.0	-0.0503262	0.594368	1.13981	2.0	-0.0881961	0.58482	1.46187	3.0	-0.0738397	0.54263	1.59058	4.0	-0.234683	0.616272	1.30212	5.0	-0.309645	0.648925	1.02624	6.0	-0.347898	0.714094	0.821091	7.0	-0.357613	0.741231	0.74399	8.0	0.103211	0.656799	1.31839	9.0	0.21239	0.667856	1.05723	10.0	0.255787	0.725769	0.858713	11.0	0.250654	0.755089	0.793753	12.0	-0.10836	0.630688	0.806923	13.0	-0.0996547	0.626351	0.465777	14.0	-0.0832569	0.622156	0.140087	15.0	-0.112036	0.730786	0.0722996	16.0	0.0262575	0.671285	0.814355	17.0	0.0793582	0.620181	0.455924	18.0	0.0950981	0.53047	0.134652	19.0	0.103324	0.612707	0.0767577	20.0	-0.0775087	0.584954	1.38272	21.0	-0.341597	0.755818	0.666118	22.0	-0.393688	0.75785	0.7408	23.0	0.241428	0.759277	0.727044	24.0	0.256442	0.786621	0.806627
21.127	0.0	-0.0190806	0.638007	0.803565	1.0	-0.0528507	0.609749	1.13849	2.0	-0.0925502	0.595704	1.4627	3.0	-0.0800569	0.551268	1.59015	4.0	-0.239008	0.634522	1.30105	5.0	-0.318105	0.675037	1.05164	6.0	-0.356486	0.767484	0.824654	7.0	-0.360462	0.792586	0.749832	8.0	0.0990124	0.669669	1.31813	9.0	0.209021	0.679875	1.05736	10.0	0.254762	0.735718	0.85898	11.0	0.250615	0.768546	0.791013	12.0	-0.107033	0.652355	0.802678	13.0	-0.0967394	0.635513	0.442479	14.0	-0.0822406	0.625659	0.134549	15.0	-0.112046	0.730709	0.0723107	16.0	0.0246733	0.690905	0.810099	17.0	0.0827965	0.651491	0.451165	18.0	0.0925633	0.582492	0.130932	19.0	0.101175	0.668081	0.0751784	20.0	-0.081443	0.596835	1.38307	21.0	-0.336311	0.801898	0.676774	22.0	-0.388282	0.781099	0.721799	23.0	0.244589	0.7703	0.725712	24.0	0.251238	0.807657	0.797347
21.161	0.0	-0.0168999	0.655561	0.801609	1.0	-0.0544768	0.623827	1.13749	2.0	-0.0975836	0.606281	1.46281	3.0	-0.0835742	0.55623	1.58959	4.0	-0.241803	0.652942	1.29926	5.0	-0.316401	0.693013	1.05455	6.0	-0.352416	0.79814	0.82984	7.0	-0.360814	0.841022	0.758885	8.0	0.0942522	0.682504	1.31809	9.0	0.207348	0.691834	1.05882	10.0	0.254037	0.746447	0.860413	11.0	0.254115	0.777273	0.788309	12.0	-0.104016	0.67228	0.799837	13.0	-0.0978698	0.642741	0.441842	14.0	-0.081596	0.625788	0.134043	15.0	-0.111843	0.730502	0.0722195	16.0	0.0258683	0.706196	0.808875	17.0	0.0848051	0.700283	0.455403	18.0	0.0914914	0.642339	0.132591	19.0	0.103561	0.733839	0.0719503	20.0	-0.0856548	0.608255	1.3829	21.0	-0.346964	0.858916	0.694065	22.0	-0.344995	0.848493	0.702228	23.0	0.247837	0.777804	0.720915	24.0	0.247576	0.817974	0.795631
21.194	0.0	-0.0150928	0.679844	0.799655	1.0	-0.0563739	0.640983	1.13594	2.0	-0.102438	0.61706	1.46183	3.0	-0.0893928	0.56443	1.58811	4.0	-0.246021	0.667241	1.29877	5.0	-0.319261	0.728695	1.06125	6.0	-0.351045	0.849173	0.840798	7.0	-0.355065	0.884998	0.770284	8.0	0.0907112	0.691752	1.31844	9.0	0.205297	0.705096	1.05979	10.0	0.253257	0.758369	0.861293	11.0	0.253339	0.78929	0.788361	12.0	-0.10235	0.695597	0.795861	13.0	-0.0994006	0.651875	0.432896	14.0	-0.0814054	0.626661	0.133405	15.0	-0.111916	0.730129	0.0724254	16.0	0.0273699	0.731089	0.809099	17.0	0.0842153	0.73781	0.456793	18.0	0.100892	0.71333	0.140338	19.0	0.0979859	0.810645	0.0802307	20.0	-0.089859	0.620537	1.38178	21.0	-0.339389	0.900652	0.70688	22.0	-0.350387	0.879748	0.704994	23.0	0.248826	0.793317	0.721479	24.0	0.252882	0.826998	0.802709
21.227	0.0	-0.0122676	0.699043	0.79846	1.0	-0.0566656	0.654386	1.13547	2.0	-0.105378	0.624736	1.46194	3.0	-0.0944496	0.56912	1.58639	4.0	-0.251688	0.684855	1.29552	5.0	-0.318116	0.760514	1.05532	6.0	-0.345079	0.888882	0.852159	7.0	-0.347458	0.931263	0.783935	8.0	0.0848678	0.706404	1.31742	9.0	0.205029	0.715002	1.06171	10.0	0.254322	0.770709	0.859264	11.0	0.253974	0.80184	0.789929	12.0	-0.0985118	0.716825	0.792904	13.0	-0.10271	0.659511	0.431818	14.0	-0.0789824	0.632826	0.137845	15.0	-0.112056	0.730134	0.0726523	16.0	0.0289594	0.748178	0.809507	17.0	0.0813713	0.774774	0.442628	18.0	0.105462	0.78467	0.135605	19.0	0.0939982	0.877651	0.0808276	20.0	-0.092218	0.629587	1.38176	21.0	-0.32814	0.956859	0.722625	22.0	-0.375416	0.919251	0.755963	23.0	0.244858	0.806519	0.722494	24.0	0.243737	0.844404	0.800191
21.26	0.0	-0.0120413	0.717511	0.793522	1.0	-0.0578214	0.667726	1.13197	2.0	-0.108168	0.632534	1.45985	3.0	-0.0998679	0.579025	1.58075	4.0	-0.256359	0.697531	1.29161	5.0	-0.318347	0.78038	1.06152	6.0	-0.333498	0.909567	0.88188	7.0	-0.33513	0.973502	0.801221	8.0	0.0766192	0.723652	1.31088	9.0	0.205116	0.729845	1.05984	10.0	0.254967	0.781439	0.860122	11.0	0.255045	0.811496	0.789702	12.0	-0.0987389	0.733934	0.786218	13.0	-0.106095	0.666974	0.418156	14.0	-0.0792976	0.636006	0.140132	15.0	-0.112057	0.730188	0.0728339	16.0	0.029298	0.767791	0.806664	17.0	0.0815265	0.809089	0.445133	18.0	0.104584	0.853368	0.134601	19.0	0.0923215	0.949963	0.0836369	20.0	-0.0946195	0.638809	1.37932	21.0	-0.318846	1.00588	0.739225	22.0	-0.353337	0.97296	0.759613	23.0	0.24846	0.81579	0.718994	24.0	0.262707	0.844745	0.790493
21.295	0.0	-0.0114101	0.732117	0.781599	1.0	-0.0595782	0.677578	1.1274	2.0	-0.112182	0.639082	1.45991	3.0	-0.104213	0.58433	1.57576	4.0	-0.252776	0.714397	1.29424	5.0	-0.317268	0.815973	1.05657	6.0	-0.318983	0.966291	0.876819	7.0	-0.31931	1.01804	0.804245	8.0	0.0675107	0.735349	1.31074	9.0	0.202508	0.741779	1.06347	10.0	0.255772	0.792821	0.858547	11.0	0.257438	0.823161	0.785681	12.0	-0.103224	0.761625	0.768806	13.0	-0.109312	0.674136	0.418167	14.0	-0.0791739	0.63728	0.141438	15.0	-0.112311	0.73272	0.0725516	16.0	0.0325264	0.773822	0.798969	17.0	0.0845637	0.858001	0.447246	18.0	0.0985723	0.922172	0.124561	19.0	0.0886676	1.02581	0.0816559	20.0	-0.097997	0.646051	1.37839	21.0	-0.300188	1.04895	0.748826	22.0	-0.340207	1.01252	0.771982	23.0	0.246978	0.831452	0.719721	24.0	0.262996	0.855401	0.797887
21.327	0.0	-0.0214698	0.742404	0.772231	1.0	-0.0654373	0.690319	1.11862	2.0	-0.114969	0.652007	1.45353	3.0	-0.105376	0.589448	1.57077	4.0	-0.253525	0.724874	1.29412	5.0	-0.312295	0.829844	1.05748	6.0	-0.309779	0.993636	0.885667	7.0	-0.29964	1.05559	0.812808	8.0	0.066375	0.744631	1.30762	9.0	0.202764	0.756197	1.06103	10.0	0.258214	0.805447	0.858314	11.0	0.2617	0.836068	0.783218	12.0	-0.11258	0.768984	0.765408	13.0	-0.117693	0.708091	0.455053	14.0	-0.0793002	0.638491	0.142317	15.0	-0.112347	0.732838	0.0726162	16.0	0.0243531	0.783406	0.784832	17.0	0.0857309	0.887997	0.43099	18.0	0.0967622	0.988398	0.121451	19.0	0.0897448	1.11452	0.0822359	20.0	-0.101466	0.659275	1.37127	21.0	-0.27931	1.09048	0.759633	22.0	-0.319162	1.05379	0.770184	23.0	0.259533	0.835294	0.712949	24.0	0.234596	0.876332	0.763442
21.36	0.0	-0.0306962	0.759379	0.760987	1.0	-0.0688317	0.702702	1.11046	2.0	-0.114716	0.660457	1.44818	3.0	-0.107603	0.594773	1.56165	4.0	-0.259409	0.742313	1.28828	5.0	-0.298293	0.857846	1.06715	6.0	-0.293186	1.01635	0.897981	7.0	-0.277231	1.08591	0.822734	8.0	0.0343813	0.787933	1.28269	9.0	0.198193	0.77549	1.05727	10.0	0.262304	0.817374	0.856625	11.0	0.268168	0.846229	0.780219	12.0	-0.124692	0.785116	0.758655	13.0	-0.120589	0.712991	0.458845	14.0	-0.0795862	0.639957	0.143537	15.0	-0.112523	0.732555	0.0730106	16.0	0.0178322	0.80053	0.769682	17.0	0.0856555	0.9166	0.420988	18.0	0.10019	1.03041	0.1111	19.0	0.0798349	1.16563	0.091369	20.0	-0.101952	0.668618	1.36528	21.0	-0.249759	1.11673	0.7653	22.0	-0.297589	1.08447	0.784068	23.0	0.263466	0.855133	0.71486	24.0	0.25851	0.889065	0.790775
21.394	0.0	-0.0236414	0.786573	0.753022	1.0	-0.0657365	0.721708	1.10227	2.0	-0.113865	0.671911	1.44097	3.0	-0.108187	0.60456	1.55016	4.0	-0.27193	0.77433	1.25544	5.0	-0.285443	0.906065	1.05502	6.0	-0.266255	1.05769	0.900506	7.0	-0.249939	1.11865	0.82716	8.0	0.0336245	0.790703	1.2834	9.0	0.197303	0.787983	1.05672	10.0	0.269762	0.833623	0.850828	11.0	0.276985	0.859288	0.774631	12.0	-0.119555	0.815489	0.749423	13.0	-0.12252	0.724987	0.462007	14.0	-0.0788987	0.642305	0.144759	15.0	-0.112561	0.732697	0.0729105	16.0	0.0258557	0.823603	0.763659	17.0	0.0838811	0.952195	0.415293	18.0	0.102856	1.10423	0.103454	19.0	0.0937464	1.20978	0.0739	20.0	-0.100668	0.681885	1.35773	21.0	-0.22158	1.14906	0.775524	22.0	-0.269728	1.12174	0.785882	23.0	0.269246	0.869916	0.702921	24.0	0.2898	0.893619	0.767765
21.427	0.0	-0.0140904	0.814224	0.739203	1.0	-0.0606852	0.742076	1.08975	2.0	-0.112566	0.684941	1.42997	3.0	-0.108467	0.61371	1.53865	4.0	-0.267887	0.777979	1.25534	5.0	-0.27896	0.918073	1.05382	6.0	-0.235428	1.11494	0.875997	7.0	-0.222078	1.15019	0.831	8.0	0.0188134	0.810741	1.27997	9.0	0.192085	0.807256	1.06127	10.0	0.277457	0.853171	0.84109	11.0	0.284812	0.874457	0.766459	12.0	-0.105298	0.823579	0.734296	13.0	-0.12251	0.738337	0.46225	14.0	-0.079463	0.645674	0.146582	15.0	-0.112536	0.733331	0.0723363	16.0	0.0279184	0.880808	0.752473	17.0	0.0841966	0.97657	0.413218	18.0	0.0980008	1.11556	0.110613	19.0	0.0777687	1.24195	0.0982378	20.0	-0.0985227	0.696729	1.34632	21.0	-0.191183	1.17828	0.784047	22.0	-0.227626	1.1537	0.783666	23.0	0.278233	0.88518	0.697919	24.0	0.29121	0.911976	0.763981
21.46	0.0	-0.0154458	0.827344	0.734156	1.0	-0.0598791	0.757015	1.08307	2.0	-0.110027	0.700575	1.42138	3.0	-0.104019	0.627384	1.5272	4.0	-0.262721	0.786966	1.2538	5.0	-0.264865	0.941983	1.05181	6.0	-0.221063	1.11788	0.897409	7.0	-0.194119	1.17583	0.840815	8.0	0.0139469	0.823296	1.27773	9.0	0.190567	0.826053	1.06141	10.0	0.287249	0.871248	0.834618	11.0	0.294571	0.890004	0.760642	12.0	-0.105982	0.839207	0.726305	13.0	-0.122305	0.748011	0.450678	14.0	-0.0769815	0.653168	0.147105	15.0	-0.112487	0.733455	0.072286	16.0	0.0274315	0.88425	0.750857	17.0	0.0825696	1.0024	0.407763	18.0	0.0904437	1.13917	0.118458	19.0	0.0807033	1.2612	0.0931651	20.0	-0.09635	0.712376	1.3382	21.0	-0.157697	1.20401	0.794354	22.0	-0.210648	1.17962	0.799376	23.0	0.291033	0.901489	0.696761	24.0	0.297263	0.927591	0.77933
21.495	0.0	-0.0248671	0.846944	0.724057	1.0	-0.0621832	0.771232	1.07768	2.0	-0.107948	0.711137	1.41893	3.0	-0.102314	0.638756	1.52481	4.0	-0.255223	0.802773	1.25156	5.0	-0.25814	0.951094	1.0561	6.0	-0.202366	1.13493	0.909747	7.0	-0.164861	1.19722	0.851215	8.0	0.00613832	0.84654	1.26999	9.0	0.190857	0.847059	1.0614	10.0	0.294481	0.890953	0.827462	11.0	0.30304	0.91028	0.756243	12.0	-0.112869	0.855814	0.71713	13.0	-0.117839	0.76936	0.449582	14.0	-0.0766894	0.655387	0.146622	15.0	-0.112252	0.734126	0.0716363	16.0	0.0165242	0.902985	0.740321	17.0	0.0808803	1.01818	0.408331	18.0	0.0886198	1.14875	0.117802	19.0	0.0743535	1.27656	0.0939328	20.0	-0.0952076	0.723668	1.33516	21.0	-0.125689	1.22787	0.804981	22.0	-0.181277	1.20403	0.809355	23.0	0.294619	0.925282	0.691946	24.0	0.307111	0.945077	0.775159
21.527	0.0	-0.0280148	0.863137	0.71437	1.0	-0.0622697	0.791842	1.06918	2.0	-0.103387	0.734514	1.41298	3.0	-0.0946215	0.661793	1.51935	4.0	-0.249234	0.819745	1.24948	5.0	-0.257626	0.955373	1.06111	6.0	-0.173586	1.16233	0.913193	7.0	-0.137494	1.21586	0.861573	8.0	-0.0452891	0.890379	1.22666	9.0	0.171481	0.875838	1.05717	10.0	0.300003	0.914968	0.820352	11.0	0.306784	0.937241	0.752914	12.0	-0.117814	0.878394	0.705246	13.0	-0.117594	0.774832	0.438262	14.0	-0.0765936	0.659483	0.147597	15.0	-0.111394	0.734376	0.0721056	16.0	0.0144431	0.914288	0.732119	17.0	0.0775463	1.042	0.408785	18.0	0.0837183	1.16762	0.110917	19.0	0.0680374	1.30163	0.0836456	20.0	-0.0918897	0.74651	1.32849	21.0	-0.0941502	1.25048	0.816252	22.0	-0.151413	1.22924	0.816141	23.0	0.301371	0.95326	0.688513	24.0	0.305481	0.977738	0.776273
21.56	0.0	-0.0286709	0.880181	0.704452	1.0	-0.0599186	0.809685	1.06344	2.0	-0.0979291	0.753761	1.41103	3.0	-0.0908581	0.684954	1.51791	4.0	-0.24655	0.828069	1.25005	5.0	-0.243539	0.988483	1.06099	6.0	-0.135829	1.20137	0.903071	7.0	-0.10496	1.23697	0.862855	8.0	0.0024799	0.91419	1.21138	9.0	0.210974	0.89699	1.03217	10.0	0.306095	0.948156	0.814287	11.0	0.312575	0.966177	0.752569	12.0	-0.117756	0.887046	0.69927	13.0	-0.116566	0.78251	0.432085	14.0	-0.0784525	0.664942	0.147933	15.0	-0.114309	0.74464	0.0711928	16.0	0.0126612	0.940478	0.718162	17.0	0.0738501	1.05536	0.40779	18.0	0.0810804	1.17241	0.11128	19.0	0.0664086	1.31094	0.0763999	20.0	-0.0872187	0.765372	1.3256	21.0	-0.0451169	1.26255	0.819018	22.0	-0.126463	1.24849	0.825242	23.0	0.305799	0.981266	0.689051	24.0	0.314828	1.00485	0.773929
21.594	0.0	-0.0260166	0.896418	0.704786	1.0	-0.0548196	0.829222	1.06348	2.0	-0.0903707	0.775512	1.4108	3.0	-0.0810835	0.708668	1.51855	4.0	-0.233573	0.867455	1.25206	5.0	-0.239047	1.0041	1.06055	6.0	-0.123741	1.20924	0.905615	7.0	-0.0807695	1.25087	0.871015	8.0	-0.107741	0.912415	1.24989	9.0	0.116624	0.92181	1.0877	10.0	0.27572	0.968717	0.86069	11.0	0.316786	0.998149	0.752076	12.0	-0.11685	0.906895	0.696197	13.0	-0.112167	0.792978	0.423324	14.0	-0.0786768	0.668962	0.147471	15.0	-0.113942	0.745458	0.0713662	16.0	0.0165355	0.951872	0.7214	17.0	0.0719062	1.07042	0.405112	18.0	0.0796692	1.18	0.11016	19.0	0.0655929	1.31416	0.068615	20.0	-0.0802352	0.786696	1.32546	21.0	-0.033196	1.28119	0.829279	22.0	-0.080932	1.25335	0.815721	23.0	0.315683	1.01755	0.687053	24.0	0.316961	1.03635	0.774035
21.627	0.0	-0.0204581	0.920213	0.705751	1.0	-0.046819	0.856569	1.06436	2.0	-0.0800621	0.80639	1.41162	3.0	-0.0695584	0.735951	1.51876	4.0	-0.227012	0.886452	1.24919	5.0	-0.229337	1.02863	1.05831	6.0	-0.120283	1.20603	0.917719	7.0	-0.058076	1.26158	0.874536	8.0	-0.131192	0.927089	1.25079	9.0	0.0960597	0.946099	1.09291	10.0	0.264972	0.998134	0.874691	11.0	0.319772	1.02929	0.754238	12.0	-0.113167	0.928144	0.695159	13.0	-0.110326	0.801593	0.420617	14.0	-0.0794606	0.672205	0.142937	15.0	-0.113612	0.746683	0.0721609	16.0	0.0240062	0.976593	0.725269	17.0	0.072852	1.08256	0.408272	18.0	0.0790938	1.18851	0.109792	19.0	0.0653319	1.31384	0.0677956	20.0	-0.0704818	0.816676	1.32631	21.0	-0.000466944	1.28082	0.827975	22.0	-0.0735135	1.27258	0.832279	23.0	0.314022	1.04677	0.690292	24.0	0.317268	1.06624	0.786815
21.66	0.0	-0.016313	0.934034	0.707001	1.0	-0.0411777	0.875672	1.06724	2.0	-0.0731587	0.831228	1.41647	3.0	-0.0630651	0.761293	1.5237	4.0	-0.215102	0.919538	1.25719	5.0	-0.193959	1.0886	1.0585	6.0	-0.0652472	1.25356	0.905038	7.0	-0.0344642	1.27659	0.868829	8.0	-0.13814	0.948919	1.25516	9.0	0.0909809	0.967563	1.10018	10.0	0.260585	1.02197	0.882953	11.0	0.321756	1.05937	0.753852	12.0	-0.108748	0.93997	0.69564	13.0	-0.106964	0.809652	0.416596	14.0	-0.0800224	0.675618	0.141608	15.0	-0.114192	0.748115	0.0718787	16.0	0.0276072	0.992408	0.727447	17.0	0.0754106	1.09533	0.411735	18.0	0.0794411	1.18994	0.108372	19.0	0.0682869	1.31044	0.0641505	20.0	-0.0638553	0.840062	1.33065	21.0	0.0224295	1.2867	0.824277	22.0	-0.0522633	1.27997	0.831838	23.0	0.318815	1.08243	0.695869	24.0	0.313487	1.09507	0.79451
21.694	0.0	-0.0111125	0.958831	0.715573	1.0	-0.0329322	0.905744	1.07643	2.0	-0.0620507	0.865682	1.42561	3.0	-0.0521451	0.792676	1.53208	4.0	-0.208844	0.938216	1.2657	5.0	-0.188331	1.10142	1.05867	6.0	-0.0639784	1.25727	0.906985	7.0	-0.0236559	1.28704	0.873287	8.0	-0.141181	0.978049	1.26148	9.0	0.0879681	1.00037	1.10659	10.0	0.257331	1.04946	0.888185	11.0	0.323042	1.08713	0.756926	12.0	-0.100667	0.962286	0.70358	13.0	-0.102513	0.826893	0.416004	14.0	-0.0783946	0.694477	0.147358	15.0	-0.114099	0.749582	0.0727419	16.0	0.0293426	1.01954	0.736517	17.0	0.0780497	1.10793	0.417958	18.0	0.0795628	1.18984	0.108719	19.0	0.0689844	1.30866	0.0624136	20.0	-0.0534333	0.873517	1.33987	21.0	0.0335238	1.29285	0.824389	22.0	-0.0413755	1.29299	0.83497	23.0	0.319517	1.11611	0.695273	24.0	0.319199	1.11757	0.80128
21.728	0.0	-0.00516808	0.983828	0.725523	1.0	-0.0270268	0.93081	1.08624	2.0	-0.0565386	0.890641	1.43524	3.0	-0.0374866	0.827152	1.54575	4.0	-0.19953	0.974656	1.27835	5.0	-0.17581	1.1299	1.05451	6.0	-0.0626057	1.26996	0.914265	7.0	-0.0182669	1.29957	0.877144	8.0	-0.133549	1.00852	1.28814	9.0	0.0876885	1.02537	1.12121	10.0	0.252135	1.07499	0.898888	11.0	0.319644	1.11543	0.76113	12.0	-0.0966516	0.982956	0.712126	13.0	-0.0951166	0.84942	0.422974	14.0	-0.0802397	0.702361	0.14661	15.0	-0.114586	0.757014	0.0725168	16.0	0.0370006	1.04822	0.747474	17.0	0.0808755	1.12008	0.424249	18.0	0.079724	1.19035	0.110157	19.0	0.0694149	1.30709	0.0616443	20.0	-0.0477946	0.898512	1.34955	21.0	0.0401139	1.30286	0.821442	22.0	-0.0139784	1.24097	0.857802	23.0	0.321288	1.14759	0.700983	24.0	0.317775	1.14614	0.804319
21.76	0.0	-4.55151e-05	1.00215	0.730857	1.0	-0.0192025	0.956273	1.09282	2.0	-0.0457331	0.924348	1.44309	3.0	-0.0294367	0.859205	1.55301	4.0	-0.187842	1.00977	1.28804	5.0	-0.17764	1.14506	1.06884	6.0	-0.059772	1.28618	0.920355	7.0	-0.015031	1.31633	0.87591	8.0	-0.132783	1.03432	1.28699	9.0	0.0906603	1.05287	1.12403	10.0	0.254504	1.09908	0.90118	11.0	0.315569	1.14064	0.765652	12.0	-0.0891642	1.00005	0.718237	13.0	-0.0931297	0.869129	0.426621	14.0	-0.0825417	0.706776	0.145937	15.0	-0.114522	0.761129	0.0715169	16.0	0.039335	1.06766	0.751969	17.0	0.0815836	1.13008	0.43496	18.0	0.0801103	1.19243	0.114431	19.0	0.0709593	1.30418	0.0614058	20.0	-0.0377437	0.930076	1.3571	21.0	0.051011	1.31551	0.819845	22.0	-0.0086129	1.22769	0.907416	23.0	0.309118	1.16984	0.710109	24.0	0.324609	1.18867	0.752597
21.794	0.0	0.00368094	1.01744	0.73527	1.0	-0.0122656	0.980065	1.09895	2.0	-0.0357448	0.956293	1.45075	3.0	-0.0158494	0.89806	1.56253	4.0	-0.183314	1.02771	1.29101	5.0	-0.164381	1.17934	1.06579	6.0	-0.0559483	1.30074	0.921643	7.0	-0.0132876	1.33243	0.873702	8.0	-0.115863	1.06761	1.29553	9.0	0.102257	1.07744	1.12541	10.0	0.259794	1.12464	0.897997	11.0	0.312975	1.16204	0.769101	12.0	-0.0859084	1.01899	0.724677	13.0	-0.0932492	0.890071	0.427815	14.0	-0.0874347	0.717584	0.146358	15.0	-0.115826	0.766833	0.0704801	16.0	0.042979	1.0792	0.754526	17.0	0.0844304	1.13617	0.437256	18.0	0.0814854	1.19521	0.119506	19.0	0.070688	1.30061	0.062196	20.0	-0.0284681	0.960079	1.36441	21.0	0.0424232	1.33538	0.814981	22.0	-0.00961782	1.22437	0.906331	23.0	0.312793	1.19113	0.705352	24.0	0.308018	1.20842	0.791304
21.828	0.0	0.0082565	1.04748	0.739667	1.0	-0.0057548	1.00822	1.10345	2.0	-0.0282671	0.981057	1.45508	3.0	-0.0087823	0.926546	1.56734	4.0	-0.1725	1.07405	1.29499	5.0	-0.16296	1.19236	1.06755	6.0	-0.0519407	1.32321	0.916544	7.0	-0.0169524	1.35671	0.8669	8.0	-0.113151	1.08565	1.30019	9.0	0.103978	1.09995	1.12856	10.0	0.260259	1.1401	0.899243	11.0	0.311575	1.18208	0.769389	12.0	-0.0833079	1.04451	0.729418	13.0	-0.100456	0.923185	0.437181	14.0	-0.0948327	0.729897	0.143228	15.0	-0.115098	0.765896	0.0655322	16.0	0.0492131	1.11284	0.758066	17.0	0.0863792	1.14567	0.442086	18.0	0.0824929	1.19613	0.121878	19.0	0.0709903	1.29872	0.0635129	20.0	-0.0211651	0.985753	1.3688	21.0	0.0370054	1.35903	0.808223	22.0	0.00825826	1.2962	0.864882	23.0	0.303549	1.21322	0.70965	24.0	0.309627	1.2271	0.791082
21.86	0.0	0.00919818	1.063	0.747557	1.0	0.00109147	1.033	1.11032	2.0	-0.012773	1.01916	1.46015	3.0	0.00294691	0.963508	1.57175	4.0	-0.158615	1.09506	1.29653	5.0	-0.14086	1.23975	1.04121	6.0	-0.0426218	1.35628	0.894196	7.0	-0.0160653	1.37767	0.84931	8.0	-0.106797	1.11259	1.30384	9.0	0.109409	1.11993	1.1314	10.0	0.260796	1.16005	0.898627	11.0	0.312689	1.19823	0.767961	12.0	-0.0876175	1.08612	0.746053	13.0	-0.106085	0.956904	0.444398	14.0	-0.103727	0.750911	0.150707	15.0	-0.11929	0.775761	0.073262	16.0	0.0512195	1.11529	0.76063	17.0	0.0885215	1.15644	0.443539	18.0	0.0842516	1.19731	0.124424	19.0	0.0715858	1.29548	0.063564	20.0	-0.00809502	1.02021	1.37444	21.0	0.0338654	1.37975	0.795619	22.0	-0.0021358	1.38914	0.885433	23.0	0.301453	1.2287	0.710453	24.0	0.308886	1.2464	0.782066
21.894	0.0	0.00858919	1.08489	0.768439	1.0	0.00518765	1.05803	1.12045	2.0	-0.00636486	1.04492	1.46127	3.0	0.0119767	0.995068	1.57736	4.0	-0.148695	1.12233	1.29573	5.0	-0.142032	1.24201	1.03929	6.0	-0.0491182	1.36834	0.88711	7.0	-0.0299946	1.39926	0.837887	8.0	-0.0902349	1.1409	1.30804	9.0	0.121915	1.14131	1.13101	10.0	0.268166	1.17142	0.893798	11.0	0.313813	1.20881	0.764218	12.0	-0.084607	1.09842	0.767239	13.0	-0.112504	1.00226	0.453545	14.0	-0.117375	0.785711	0.167627	15.0	-0.168891	0.907527	0.134783	16.0	0.0495089	1.13169	0.773057	17.0	0.0903276	1.16773	0.444897	18.0	0.0856443	1.19865	0.125602	19.0	0.0714134	1.29558	0.0635942	20.0	-0.00201344	1.04609	1.3777	21.0	0.0216787	1.4103	0.787531	22.0	-0.024312	1.4178	0.875688	23.0	0.302389	1.23595	0.702829	24.0	0.312661	1.25381	0.783981
21.927	0.0	0.0159157	1.10553	0.779779	1.0	0.0138078	1.08409	1.12846	2.0	0.00274012	1.07456	1.46466	3.0	0.0237491	1.02755	1.58469	4.0	-0.140936	1.1439	1.297	5.0	-0.144478	1.24606	1.04214	6.0	-0.0603609	1.38374	0.87515	7.0	-0.0463878	1.4164	0.823209	8.0	0.182541	1.15745	1.29894	9.0	0.277747	1.15068	1.03376	10.0	0.31736	1.18607	0.822655	11.0	0.319919	1.21486	0.758541	12.0	-0.0708078	1.12225	0.789519	13.0	-0.1049	1.06729	0.476553	14.0	-0.126692	0.835608	0.203157	15.0	-0.150104	0.962247	0.169835	16.0	0.0526444	1.15302	0.779348	17.0	0.0919569	1.17424	0.444895	18.0	0.0871042	1.20104	0.12712	19.0	0.0718744	1.29645	0.0637716	20.0	0.00705571	1.07491	1.38227	21.0	0.0114106	1.43028	0.772957	22.0	-0.0468264	1.42976	0.868355	23.0	0.306836	1.23625	0.696474	24.0	0.314871	1.26165	0.774297
21.961	0.0	0.0151623	1.11623	0.785924	1.0	0.0166767	1.10132	1.13235	2.0	0.0107758	1.1011	1.46562	3.0	0.0297849	1.05749	1.58875	4.0	-0.140396	1.14528	1.29726	5.0	-0.145299	1.25227	1.04679	6.0	-0.0743138	1.39087	0.859103	7.0	-0.0682742	1.42581	0.808522	8.0	0.183072	1.15927	1.30029	9.0	0.279588	1.15973	1.03512	10.0	0.319608	1.19442	0.820721	11.0	0.323023	1.21693	0.755471	12.0	-0.0724121	1.13119	0.796419	13.0	-0.106312	1.08971	0.476488	14.0	-0.133661	0.867516	0.195104	15.0	-0.14374	0.867711	0.0904027	16.0	0.0517401	1.16293	0.782914	17.0	0.0936483	1.18128	0.445008	18.0	0.0876132	1.20267	0.127797	19.0	0.0718013	1.29657	0.0640821	20.0	0.0136587	1.09892	1.38407	21.0	-0.022977	1.4448	0.756693	22.0	-0.0663939	1.43973	0.851579	23.0	0.308556	1.23594	0.690098	24.0	0.320373	1.26762	0.756893
21.995	0.0	0.0244427	1.13719	0.793623	1.0	0.0244773	1.12356	1.13745	2.0	0.0153604	1.12056	1.46869	3.0	0.0407488	1.0939	1.5953	4.0	-0.130733	1.18983	1.30283	5.0	-0.149912	1.25939	1.05198	6.0	-0.114718	1.38849	0.868411	7.0	-0.0942001	1.42975	0.795399	8.0	0.193818	1.18592	1.30596	9.0	0.285296	1.17676	1.03941	10.0	0.321721	1.20055	0.820877	11.0	0.325326	1.21872	0.75158	12.0	-0.0663887	1.15052	0.805118	13.0	-0.0961735	1.1339	0.482664	14.0	-0.135568	0.910121	0.203277	15.0	-0.157924	0.92187	0.095794	16.0	0.0630304	1.18471	0.78878	17.0	0.0944234	1.18762	0.444705	18.0	0.0877665	1.20321	0.127362	19.0	0.071826	1.29665	0.0640864	20.0	0.019185	1.11941	1.38755	21.0	-0.0531696	1.44854	0.740792	22.0	-0.0916579	1.45572	0.830604	23.0	0.312149	1.23602	0.684665	24.0	0.303374	1.2679	0.766348
22.028	0.0	0.0436341	1.16315	0.799579	1.0	0.0354698	1.14873	1.14159	2.0	0.0194173	1.14729	1.47195	3.0	0.0459831	1.11792	1.59866	4.0	-0.131093	1.19537	1.30321	5.0	-0.155829	1.26478	1.05276	6.0	-0.123133	1.38917	0.860904	7.0	-0.11993	1.4252	0.784927	8.0	0.192694	1.20927	1.30821	9.0	0.287025	1.18993	1.04395	10.0	0.323451	1.20485	0.822474	11.0	0.328406	1.21825	0.751694	12.0	-0.0521229	1.1795	0.810741	13.0	-0.0989095	1.13961	0.47092	14.0	-0.139535	0.953191	0.164038	15.0	-0.163057	0.989336	0.0773565	16.0	0.0864876	1.20765	0.795021	17.0	0.0968686	1.19483	0.442463	18.0	0.0879869	1.20309	0.127439	19.0	0.0711102	1.29577	0.0655403	20.0	0.0249899	1.14554	1.39097	21.0	-0.0850412	1.44548	0.727691	22.0	-0.120199	1.46162	0.814807	23.0	0.310363	1.23279	0.684511	24.0	0.309629	1.2662	0.766133
22.06	0.0	0.0509806	1.17379	0.801677	1.0	0.0413215	1.16581	1.14344	2.0	0.0218038	1.17096	1.47319	3.0	0.0480056	1.14497	1.60371	4.0	-0.130171	1.20609	1.30439	5.0	-0.164241	1.27026	1.05539	6.0	-0.143156	1.38733	0.854964	7.0	-0.144368	1.41227	0.775164	8.0	0.198211	1.22413	1.30899	9.0	0.289462	1.20097	1.04399	10.0	0.326022	1.20925	0.824144	11.0	0.330781	1.21946	0.75056	12.0	-0.0458385	1.19137	0.811612	13.0	-0.0992191	1.16475	0.448303	14.0	-0.134552	1.00752	0.139895	15.0	-0.168743	1.07479	0.0730356	16.0	0.094145	1.21641	0.798115	17.0	0.0971949	1.20686	0.444284	18.0	0.0870741	1.20206	0.124692	19.0	0.0705632	1.29633	0.0655472	20.0	0.028407	1.16761	1.3924	21.0	-0.116823	1.43781	0.714737	22.0	-0.152342	1.4606	0.789554	23.0	0.314497	1.22895	0.683824	24.0	0.340499	1.26058	0.74875
22.095	0.0	0.0514871	1.18375	0.80249	1.0	0.0417019	1.18291	1.14382	2.0	0.0220859	1.19437	1.47291	3.0	0.0496224	1.17145	1.60546	4.0	-0.130902	1.22242	1.30469	5.0	-0.173093	1.27511	1.05689	6.0	-0.165322	1.37921	0.849702	7.0	-0.16875	1.39698	0.765158	8.0	0.204485	1.24466	1.30934	9.0	0.291704	1.2128	1.04416	10.0	0.328176	1.21371	0.82476	11.0	0.333045	1.22089	0.748978	12.0	-0.0463216	1.20011	0.810879	13.0	-0.0968642	1.19962	0.442834	14.0	-0.125943	1.08113	0.125846	15.0	-0.157471	1.15307	0.0617922	16.0	0.0955054	1.22755	0.80069	17.0	0.0980388	1.21838	0.443614	18.0	0.0850537	1.20316	0.12095	19.0	0.0693301	1.2952	0.0645028	20.0	0.0286789	1.18955	1.3923	21.0	-0.141146	1.41972	0.699265	22.0	-0.158976	1.31477	0.760365	23.0	0.31893	1.22379	0.684808	24.0	0.335032	1.26289	0.754867
22.127	0.0	0.0608932	1.2036	0.803927	1.0	0.0462501	1.20363	1.1432	2.0	0.0219993	1.21558	1.4705	3.0	0.0540658	1.20158	1.60238	4.0	-0.132507	1.23627	1.30523	5.0	-0.181352	1.28018	1.05378	6.0	-0.196624	1.37087	0.813122	7.0	-0.18824	1.38056	0.754497	8.0	0.205914	1.26263	1.31127	9.0	0.292197	1.2263	1.04653	10.0	0.330432	1.21981	0.825804	11.0	0.333511	1.22596	0.749143	12.0	-0.0381361	1.21924	0.809057	13.0	-0.0989072	1.23142	0.442855	14.0	-0.11419	1.16265	0.114124	15.0	-0.134256	1.26183	0.0451833	16.0	0.105577	1.24754	0.805367	17.0	0.100017	1.22942	0.440121	18.0	0.0843433	1.2051	0.118675	19.0	0.0687413	1.29828	0.0632042	20.0	0.0297427	1.21061	1.39033	21.0	-0.166922	1.40533	0.686325	22.0	-0.110032	1.35329	0.776923	23.0	0.321289	1.22114	0.681132	24.0	0.340452	1.26538	0.730498
22.16	0.0	0.0671451	1.22449	0.805351	1.0	0.0484686	1.22575	1.14242	2.0	0.0199926	1.23876	1.46751	3.0	0.0485116	1.22499	1.60182	4.0	-0.136164	1.25175	1.30412	5.0	-0.190247	1.28253	1.05282	6.0	-0.213005	1.36546	0.80657	7.0	-0.201689	1.37019	0.746057	8.0	0.207292	1.27822	1.31363	9.0	0.292304	1.24315	1.04811	10.0	0.331767	1.22892	0.825175	11.0	0.334332	1.23489	0.749488	12.0	-0.032133	1.24047	0.809542	13.0	-0.0913084	1.26213	0.443913	14.0	-0.0993049	1.24119	0.106829	15.0	-0.148399	1.33038	0.0534468	16.0	0.111434	1.26727	0.807519	17.0	0.101209	1.24242	0.436352	18.0	0.0776479	1.2156	0.109458	19.0	0.0688124	1.30405	0.0610148	20.0	0.0288131	1.23356	1.3879	21.0	-0.196182	1.38793	0.674765	22.0	-0.125199	1.35709	0.740087	23.0	0.321578	1.23034	0.680926	24.0	0.312392	1.28228	0.758946
22.194	0.0	0.0707906	1.24276	0.803343	1.0	0.0482792	1.24552	1.13981	2.0	0.0156841	1.25991	1.46434	3.0	0.0468677	1.24571	1.60055	4.0	-0.13913	1.26798	1.30256	5.0	-0.211201	1.28816	1.03691	6.0	-0.23465	1.35347	0.799029	7.0	-0.21476	1.35195	0.739252	8.0	0.20045	1.30488	1.30966	9.0	0.291411	1.26123	1.04831	10.0	0.332259	1.24329	0.827275	11.0	0.335824	1.24726	0.749986	12.0	-0.0286703	1.25529	0.808562	13.0	-0.0858692	1.2851	0.428472	14.0	-0.0951074	1.31653	0.111552	15.0	-0.117665	1.41564	0.0515839	16.0	0.114835	1.28908	0.804378	17.0	0.0787088	1.26573	0.414643	18.0	0.0659166	1.26737	0.0786161	19.0	0.0864008	1.34092	0.0329902	20.0	0.0255591	1.25438	1.38487	21.0	-0.223704	1.37058	0.664716	22.0	-0.145622	1.35999	0.727402	23.0	0.318222	1.2425	0.685107	24.0	0.339379	1.28604	0.736807
22.227	0.0	0.0645652	1.25293	0.798491	1.0	0.0429028	1.26	1.13601	2.0	0.0115324	1.27916	1.4619	3.0	0.0420097	1.26757	1.59797	4.0	-0.142495	1.28407	1.29889	5.0	-0.219816	1.29158	1.02529	6.0	-0.257066	1.34336	0.794028	7.0	-0.268903	1.3449	0.733878	8.0	0.195143	1.32135	1.30672	9.0	0.290686	1.27661	1.04758	10.0	0.333751	1.26199	0.827483	11.0	0.336876	1.26364	0.750279	12.0	-0.0331549	1.26359	0.806093	13.0	-0.0849269	1.30813	0.436856	14.0	-0.0881003	1.38158	0.109036	15.0	-0.128113	1.49431	0.066189	16.0	0.106584	1.30097	0.796963	17.0	0.00134696	1.30164	0.410942	18.0	0.0679205	1.32903	0.0753948	19.0	0.096084	1.37615	0.0227034	20.0	0.0210551	1.2724	1.38206	21.0	-0.254539	1.34844	0.654271	22.0	-0.224286	1.35754	0.745218	23.0	0.322048	1.2566	0.68627	24.0	0.316408	1.31087	0.766351
22.26	0.0	0.0505055	1.26536	0.795456	1.0	0.03302	1.27694	1.13294	2.0	0.00548687	1.30095	1.45843	3.0	0.0338362	1.28837	1.59373	4.0	-0.14874	1.29821	1.29508	5.0	-0.223663	1.29258	1.0215	6.0	-0.268225	1.33207	0.796276	7.0	-0.289012	1.33094	0.728295	8.0	0.190231	1.33838	1.30708	9.0	0.287345	1.30033	1.0471	10.0	0.33422	1.28141	0.828645	11.0	0.337278	1.28433	0.750297	12.0	-0.0475207	1.27812	0.804851	13.0	-0.0822156	1.33551	0.461362	14.0	-0.0906215	1.43413	0.120231	15.0	-0.128578	1.53941	0.0773764	16.0	0.0931304	1.31122	0.792774	17.0	-0.013675	1.31958	0.406535	18.0	0.0541928	1.36175	0.132241	19.0	0.10976	1.35773	0.0631942	20.0	0.014049	1.29295	1.37873	21.0	-0.274172	1.33262	0.647467	22.0	-0.273243	1.36778	0.744697	23.0	0.32359	1.27639	0.685279	24.0	0.332755	1.33183	0.755937
22.295	0.0	0.0385097	1.27554	0.795119	1.0	0.023643	1.2911	1.13113	2.0	-0.00124524	1.31862	1.45499	3.0	0.0279778	1.30359	1.59386	4.0	-0.157239	1.31651	1.29197	5.0	-0.227308	1.29369	1.02022	6.0	-0.281463	1.32242	0.801257	7.0	-0.304739	1.31926	0.728645	8.0	0.180921	1.36254	1.30253	9.0	0.2836	1.31685	1.04682	10.0	0.331604	1.30721	0.82879	11.0	0.335163	1.31088	0.750677	12.0	-0.0571808	1.28508	0.805797	13.0	-0.0767436	1.34402	0.463861	14.0	-0.0884741	1.46507	0.128488	15.0	-0.127948	1.56737	0.0882275	16.0	0.078602	1.32513	0.79089	17.0	-0.0205508	1.33995	0.407689	18.0	0.0876615	1.36231	0.164691	19.0	-0.0139252	1.47049	0.133068	20.0	0.00666954	1.3098	1.37572	21.0	-0.296982	1.32035	0.647507	22.0	-0.286151	1.36111	0.736561	23.0	0.321922	1.30629	0.680858	24.0	0.317944	1.36058	0.760817
22.327	0.0	0.0312793	1.2972	0.794793	1.0	0.0151322	1.31183	1.13	2.0	-0.0108478	1.33713	1.4532	3.0	0.0177589	1.32105	1.59156	4.0	-0.166187	1.33256	1.28937	5.0	-0.235427	1.29762	1.01814	6.0	-0.300214	1.31305	0.793571	7.0	-0.317828	1.30812	0.725944	8.0	0.172267	1.38023	1.30245	9.0	0.27719	1.34017	1.04646	10.0	0.329348	1.33534	0.825422	11.0	0.332812	1.33844	0.750318	12.0	-0.0659438	1.30631	0.805777	13.0	-0.0664215	1.37171	0.449684	14.0	-0.0861075	1.48459	0.114804	15.0	-0.124503	1.6024	0.0821586	16.0	0.0729625	1.34609	0.790602	17.0	0.0026628	1.3582	0.467575	18.0	0.0783691	1.38894	0.211589	19.0	-0.0185815	1.48678	0.15864	20.0	-0.00265524	1.32896	1.37408	21.0	-0.3097	1.30615	0.644028	22.0	-0.3023	1.35465	0.729032	23.0	0.318201	1.3328	0.680495	24.0	0.31971	1.39319	0.770788
22.36	0.0	0.0253845	1.32175	0.795881	1.0	0.00728187	1.33275	1.12959	2.0	-0.0208184	1.35525	1.45135	3.0	0.00523662	1.34099	1.58676	4.0	-0.176327	1.35118	1.28686	5.0	-0.243998	1.30614	1.01665	6.0	-0.314195	1.30749	0.793574	7.0	-0.330554	1.30079	0.726202	8.0	0.154989	1.40643	1.30173	9.0	0.26767	1.36512	1.04983	10.0	0.322043	1.36519	0.834233	11.0	0.32631	1.37095	0.751346	12.0	-0.0729237	1.33049	0.80599	13.0	-0.0737446	1.40131	0.448535	14.0	-0.0845444	1.48978	0.114657	15.0	-0.124614	1.60393	0.0804553	16.0	0.0678001	1.37097	0.792687	17.0	-0.0068716	1.37659	0.479954	18.0	0.0530299	1.20685	0.169098	19.0	-0.0163826	1.34041	0.147004	20.0	-0.0120703	1.34773	1.37259	21.0	-0.320184	1.29813	0.640178	22.0	-0.311137	1.34035	0.727159	23.0	0.314965	1.36859	0.685847	24.0	0.304688	1.41802	0.74942
22.394	0.0	0.0203798	1.34619	0.794853	1.0	-0.000433896	1.35334	1.12803	2.0	-0.0310252	1.37207	1.44916	3.0	-0.00453444	1.35265	1.58542	4.0	-0.187032	1.36761	1.28443	5.0	-0.254203	1.3167	1.01406	6.0	-0.320506	1.30561	0.794193	7.0	-0.339823	1.29594	0.726719	8.0	0.145839	1.42355	1.2981	9.0	0.26154	1.3907	1.04599	10.0	0.317056	1.39144	0.829798	11.0	0.320365	1.40065	0.751311	12.0	-0.078786	1.35318	0.803003	13.0	-0.0826296	1.42731	0.448991	14.0	-0.085053	1.49815	0.114426	15.0	-0.125305	1.60847	0.0745189	16.0	0.0633715	1.39687	0.793838	17.0	0.129271	1.36732	0.529155	18.0	0.0926729	1.22224	0.19711	19.0	0.0137043	1.34893	0.168391	20.0	-0.0216704	1.36546	1.37057	21.0	-0.330796	1.28486	0.642466	22.0	-0.315922	1.3283	0.725781	23.0	0.305981	1.39733	0.678831	24.0	0.304976	1.45758	0.761638
22.427	0.0	0.00917115	1.37642	0.792036	1.0	-0.0124085	1.3763	1.12521	2.0	-0.0435888	1.38847	1.44619	3.0	-0.0184211	1.36751	1.58244	4.0	-0.198807	1.38409	1.28156	5.0	-0.262888	1.32856	1.01097	6.0	-0.328934	1.30736	0.79489	7.0	-0.349386	1.29882	0.725229	8.0	0.126019	1.45196	1.29519	9.0	0.250255	1.41894	1.04779	10.0	0.306404	1.42303	0.83073	11.0	0.310825	1.43107	0.749961	12.0	-0.0906194	1.38276	0.798467	13.0	-0.0879146	1.4496	0.4479	14.0	-0.083107	1.5118	0.106485	15.0	-0.120844	1.61745	0.0590013	16.0	0.0524722	1.4272	0.792861	17.0	0.109441	1.39857	0.524738	18.0	0.0895281	1.24102	0.19809	19.0	0.0125005	1.36661	0.164795	20.0	-0.0341118	1.38344	1.36765	21.0	-0.334613	1.28308	0.63694	22.0	-0.331312	1.3341	0.728876	23.0	0.294473	1.43614	0.682256	24.0	0.288105	1.47935	0.766831
22.46	0.0	-0.00499331	1.40926	0.789599	1.0	-0.0262946	1.4033	1.12338	2.0	-0.0570736	1.40893	1.44464	3.0	-0.037001	1.38355	1.58056	4.0	-0.210294	1.40138	1.28006	5.0	-0.275658	1.34772	1.00849	6.0	-0.338838	1.31558	0.795071	7.0	-0.358208	1.30896	0.719706	8.0	0.111521	1.47346	1.29129	9.0	0.239764	1.44599	1.04519	10.0	0.295158	1.45107	0.830224	11.0	0.299886	1.4609	0.75106	12.0	-0.103472	1.4104	0.795935	13.0	-0.100479	1.47931	0.450763	14.0	-0.0847078	1.51668	0.10559	15.0	-0.120599	1.62045	0.0559747	16.0	0.036584	1.4653	0.790755	17.0	0.103138	1.41178	0.533416	18.0	0.0854403	1.24731	0.210305	19.0	0.00929841	1.37194	0.173859	20.0	-0.0477278	1.40559	1.36606	21.0	-0.344259	1.29154	0.634783	22.0	-0.338962	1.3451	0.725083	23.0	0.286564	1.45642	0.678818	24.0	0.287515	1.51903	0.747805
