21.642	0.0	-0.0241411	-0.43905	0.808868	1.0	-0.0370062	-0.429724	1.10999	2.0	-0.0456176	-0.40892	1.40593	3.0	-0.0692482	-0.392231	1.52651	4.0	-0.215597	-0.381472	1.27826	5.0	-0.275542	-0.424062	1.01302	6.0	-0.300609	-0.372836	0.789237	7.0	-0.29842	-0.371392	0.724059	8.0	0.114202	-0.422408	1.30155	9.0	0.195825	-0.431655	1.04211	10.0	0.228537	-0.373611	0.809661	11.0	0.212938	-0.351025	0.766785	12.0	-0.0853825	-0.384326	0.804762	13.0	-0.06914	-0.351358	0.477462	14.0	-0.0547665	-0.337319	0.169868	15.0	-0.0309183	-0.241902	0.10479	16.0	0.0615411	-0.424508	0.816394	17.0	0.132147	-0.392165	0.492593	18.0	0.140837	-0.579635	0.181182	19.0	0.149775	-0.557607	0.0958652	20.0	-0.0442727	-0.416263	1.33266	21.0	-0.287757	-0.364446	0.665173	22.0	-0.299897	-0.333156	0.727296	23.0	0.208241	-0.341614	0.694068	24.0	0.261436	-0.317245	0.776803
21.676	0.0	-0.0297807	-0.423242	0.812235	1.0	-0.0425093	-0.417717	1.11313	2.0	-0.0508056	-0.400137	1.40882	3.0	-0.0746089	-0.371149	1.5301	4.0	-0.218852	-0.366246	1.28076	5.0	-0.275814	-0.404059	1.01954	6.0	-0.30221	-0.344651	0.797453	7.0	-0.302678	-0.322282	0.726669	8.0	0.11168	-0.411623	1.30253	9.0	0.194354	-0.417577	1.0403	10.0	0.227039	-0.362573	0.815386	11.0	0.21098	-0.340005	0.767878	12.0	-0.0895614	-0.3697	0.807703	13.0	-0.0701544	-0.343492	0.47853	14.0	-0.0537002	-0.333677	0.171594	15.0	-0.0295241	-0.243696	0.106069	16.0	0.0547669	-0.40891	0.820296	17.0	0.130092	-0.354851	0.490665	18.0	0.142116	-0.529743	0.18795	19.0	0.158811	-0.506158	0.103648	20.0	-0.0495496	-0.406741	1.33561	21.0	-0.296407	-0.310044	0.668402	22.0	-0.298384	-0.27675	0.762661	23.0	0.20927	-0.321	0.699157	24.0	0.254225	-0.326179	0.768417
21.709	0.0	-0.0329005	-0.416703	0.814696	1.0	-0.0497503	-0.409099	1.11503	2.0	-0.0637557	-0.3892	1.40983	3.0	-0.0796371	-0.364232	1.53204	4.0	-0.224311	-0.357472	1.27853	5.0	-0.284878	-0.378227	1.01821	6.0	-0.310905	-0.330787	0.793588	7.0	-0.31987	-0.295043	0.734271	8.0	0.107426	-0.399583	1.30406	9.0	0.192136	-0.405321	1.03298	10.0	0.227507	-0.352259	0.809352	11.0	0.209028	-0.325581	0.76954	12.0	-0.0927753	-0.365377	0.808386	13.0	-0.0703491	-0.339562	0.474303	14.0	-0.0534839	-0.333868	0.171993	15.0	-0.0308471	-0.244366	0.106137	16.0	0.0518664	-0.39924	0.8254	17.0	0.127053	-0.319033	0.508364	18.0	0.14732	-0.521371	0.191979	19.0	0.155823	-0.466072	0.11066	20.0	-0.0609257	-0.396386	1.33689	21.0	-0.314669	-0.288529	0.682245	22.0	-0.318489	-0.25072	0.743108	23.0	0.224768	-0.316422	0.703539	24.0	0.254943	-0.312639	0.77948
21.743	0.0	-0.0384094	-0.410384	0.81994	1.0	-0.0571479	-0.401652	1.11969	2.0	-0.0719561	-0.381368	1.41375	3.0	-0.0902344	-0.357344	1.53879	4.0	-0.235037	-0.35176	1.28187	5.0	-0.288492	-0.367701	1.02811	6.0	-0.325249	-0.311431	0.806753	7.0	-0.332466	-0.279288	0.737435	8.0	0.100246	-0.391342	1.30715	9.0	0.189481	-0.399694	1.03585	10.0	0.224406	-0.342896	0.812825	11.0	0.210831	-0.316911	0.77571	12.0	-0.0980833	-0.361062	0.811743	13.0	-0.0694877	-0.334616	0.47202	14.0	-0.0538259	-0.333993	0.171457	15.0	-0.0317038	-0.245231	0.104388	16.0	0.0464267	-0.39118	0.832377	17.0	0.121237	-0.305375	0.510627	18.0	0.140587	-0.46302	0.197948	19.0	0.143475	-0.424213	0.114008	20.0	-0.0690522	-0.38858	1.341	21.0	-0.33161	-0.264156	0.679873	22.0	-0.322412	-0.232681	0.75811	23.0	0.211182	-0.30229	0.708234	24.0	0.255684	-0.278208	0.797667
21.777	0.0	-0.0493559	-0.374299	0.829599	1.0	-0.0646566	-0.370966	1.12679	2.0	-0.076011	-0.35577	1.41896	3.0	-0.0955274	-0.324135	1.54972	4.0	-0.238566	-0.312674	1.28139	5.0	-0.297115	-0.325541	1.03565	6.0	-0.316281	-0.259196	0.814033	7.0	-0.328043	-0.224468	0.744769	8.0	0.0944678	-0.362448	1.31097	9.0	0.183778	-0.383137	1.0402	10.0	0.224783	-0.319091	0.819773	11.0	0.215946	-0.292885	0.788853	12.0	-0.112468	-0.322528	0.819942	13.0	-0.0726269	-0.315084	0.471052	14.0	-0.0553952	-0.328648	0.169437	15.0	-0.0331537	-0.240344	0.104733	16.0	0.0388909	-0.358521	0.842653	17.0	0.11491	-0.247227	0.524925	18.0	0.137621	-0.400157	0.217728	19.0	0.153509	-0.368109	0.133002	20.0	-0.0739528	-0.361777	1.34662	21.0	-0.321306	-0.214121	0.688662	22.0	-0.326965	-0.183753	0.748381	23.0	0.233623	-0.277322	0.733424	24.0	0.256629	-0.290159	0.794897
21.81	0.0	-0.0500815	-0.371561	0.831432	1.0	-0.0656797	-0.368426	1.12849	2.0	-0.077105	-0.353641	1.4204	3.0	-0.0973121	-0.322057	1.5504	4.0	-0.242761	-0.312389	1.28343	5.0	-0.297816	-0.32176	1.03373	6.0	-0.320181	-0.251476	0.813558	7.0	-0.33645	-0.209754	0.748941	8.0	0.0924704	-0.357391	1.31171	9.0	0.181775	-0.37586	1.04284	10.0	0.219038	-0.313993	0.821315	11.0	0.209894	-0.292955	0.786503	12.0	-0.113071	-0.321612	0.820767	13.0	-0.0827967	-0.30498	0.482481	14.0	-0.055742	-0.327256	0.17069	15.0	-0.0332552	-0.240637	0.10492	16.0	0.0382591	-0.352778	0.846016	17.0	0.110779	-0.232482	0.53173	18.0	0.135276	-0.362165	0.240103	19.0	0.153563	-0.309057	0.156064	20.0	-0.0750547	-0.359519	1.34814	21.0	-0.318381	-0.176072	0.686357	22.0	-0.351236	-0.187508	0.739018	23.0	0.235053	-0.270687	0.730729	24.0	0.257819	-0.274215	0.773425
21.843	0.0	-0.052793	-0.354814	0.835314	1.0	-0.0714266	-0.349296	1.12987	2.0	-0.0861007	-0.331734	1.41884	3.0	-0.101444	-0.311221	1.55054	4.0	-0.242208	-0.290949	1.28369	5.0	-0.2978	-0.315695	1.03606	6.0	-0.322992	-0.232199	0.820523	7.0	-0.329845	-0.175997	0.755374	8.0	0.091743	-0.347467	1.31183	9.0	0.182238	-0.358593	1.05578	10.0	0.223514	-0.301562	0.830544	11.0	0.215178	-0.281314	0.78796	12.0	-0.116437	-0.30479	0.824431	13.0	-0.0850397	-0.297745	0.473593	14.0	-0.0549078	-0.322315	0.168565	15.0	-0.0321968	-0.235448	0.10059	16.0	0.0363586	-0.337375	0.849684	17.0	0.101208	-0.192991	0.541957	18.0	0.136498	-0.311432	0.222693	19.0	0.0933109	-0.246086	0.134478	20.0	-0.083229	-0.338315	1.34736	21.0	-0.336256	-0.182706	0.69592	22.0	-0.325044	-0.143568	0.769008	23.0	0.229054	-0.268252	0.722683	24.0	0.258431	-0.271841	0.786422
21.877	0.0	-0.0555517	-0.347068	0.839251	1.0	-0.0741373	-0.343112	1.1324	2.0	-0.0883838	-0.327327	1.42029	3.0	-0.10587	-0.301384	1.55351	4.0	-0.24966	-0.29047	1.28723	5.0	-0.300498	-0.303121	1.03472	6.0	-0.325565	-0.214351	0.821175	7.0	-0.328361	-0.1649	0.75521	8.0	0.0894593	-0.339708	1.31313	9.0	0.181443	-0.352329	1.05381	10.0	0.215362	-0.288408	0.829868	11.0	0.215044	-0.270125	0.789854	12.0	-0.118341	-0.296637	0.829091	13.0	-0.0857432	-0.29438	0.472002	14.0	-0.0547974	-0.321317	0.171951	15.0	-0.0309912	-0.235957	0.101306	16.0	0.0327605	-0.32988	0.85292	17.0	0.0976673	-0.175907	0.54788	18.0	0.134682	-0.260031	0.235882	19.0	0.0891193	-0.23692	0.136624	20.0	-0.0856479	-0.333459	1.34905	21.0	-0.322597	-0.140291	0.699104	22.0	-0.317729	-0.134175	0.794861	23.0	0.225221	-0.263699	0.722867	24.0	0.249036	-0.263873	0.769426
21.91	0.0	-0.050149	-0.315636	0.841643	1.0	-0.0666946	-0.306108	1.13453	2.0	-0.078404	-0.285108	1.42208	3.0	-0.101754	-0.250882	1.55684	4.0	-0.245808	-0.247376	1.27934	5.0	-0.295558	-0.261557	1.03606	6.0	-0.31625	-0.177914	0.820571	7.0	-0.316051	-0.142664	0.755709	8.0	0.0870151	-0.304246	1.31527	9.0	0.180573	-0.324838	1.06952	10.0	0.219445	-0.27424	0.846636	11.0	0.221828	-0.253841	0.791571	12.0	-0.112924	-0.261418	0.831016	13.0	-0.0912531	-0.270346	0.478614	14.0	-0.0516611	-0.313558	0.171899	15.0	-0.0314846	-0.234015	0.101593	16.0	0.0381686	-0.302205	0.855602	17.0	0.101755	-0.121973	0.559186	18.0	0.131742	-0.203141	0.227975	19.0	0.0703075	-0.162185	0.135438	20.0	-0.0763574	-0.292498	1.35093	21.0	-0.315536	-0.120485	0.698751	22.0	-0.29766	-0.11268	0.788047	23.0	0.235367	-0.240552	0.725634	24.0	0.263562	-0.237673	0.787032
21.942	0.0	-0.0591656	-0.309302	0.843575	1.0	-0.0737394	-0.304353	1.13516	2.0	-0.0851517	-0.286791	1.42185	3.0	-0.103706	-0.256856	1.55659	4.0	-0.251443	-0.254908	1.28254	5.0	-0.297788	-0.263776	1.03633	6.0	-0.316864	-0.179219	0.821378	7.0	-0.316442	-0.145654	0.756131	8.0	0.0870245	-0.303366	1.31506	9.0	0.180452	-0.322865	1.0703	10.0	0.218683	-0.271664	0.847644	11.0	0.221621	-0.253063	0.788492	12.0	-0.123183	-0.259048	0.835342	13.0	-0.0966627	-0.271914	0.472577	14.0	-0.0518258	-0.313557	0.171885	15.0	-0.0364992	-0.239477	0.098676	16.0	0.0292453	-0.290517	0.855116	17.0	0.0949587	-0.114608	0.548699	18.0	0.124293	-0.173326	0.231161	19.0	0.101158	-0.111453	0.145817	20.0	-0.0830069	-0.293306	1.35091	21.0	-0.312093	-0.113261	0.699429	22.0	-0.300376	-0.11859	0.783424	23.0	0.223717	-0.240442	0.716053	24.0	0.258485	-0.220236	0.786683
21.975	0.0	-0.0646719	-0.298083	0.845216	1.0	-0.0769386	-0.297691	1.13623	2.0	-0.086124	-0.284238	1.42229	3.0	-0.104156	-0.253721	1.55731	4.0	-0.253577	-0.252505	1.2852	5.0	-0.298079	-0.260606	1.03612	6.0	-0.313507	-0.173675	0.821931	7.0	-0.309311	-0.132794	0.74413	8.0	0.0857332	-0.293218	1.31592	9.0	0.179772	-0.313401	1.0683	10.0	0.220465	-0.259548	0.841389	11.0	0.222016	-0.235969	0.786225	12.0	-0.128021	-0.251474	0.838486	13.0	-0.0996156	-0.268389	0.472205	14.0	-0.0579999	-0.314246	0.174444	15.0	-0.0417157	-0.227974	0.102904	16.0	0.0242126	-0.276534	0.854743	17.0	0.0911071	-0.0903094	0.547166	18.0	0.121689	-0.120726	0.231308	19.0	0.0846706	-0.0929317	0.136102	20.0	-0.0844643	-0.289899	1.35148	21.0	-0.291403	-0.108689	0.685813	22.0	-0.271497	-0.0952885	0.759813	23.0	0.22581	-0.215596	0.717558	24.0	0.260716	-0.21006	0.779863
22.008	0.0	-0.0705093	-0.275469	0.843779	1.0	-0.0797721	-0.278968	1.1374	2.0	-0.0856739	-0.270416	1.42524	3.0	-0.103944	-0.23648	1.55958	4.0	-0.250869	-0.231738	1.28825	5.0	-0.295813	-0.230033	1.02869	6.0	-0.30786	-0.155422	0.810312	7.0	-0.298869	-0.123528	0.753287	8.0	0.0857405	-0.278712	1.31558	9.0	0.182166	-0.298185	1.06486	10.0	0.220314	-0.243777	0.836645	11.0	0.223779	-0.217157	0.783299	12.0	-0.134185	-0.227288	0.838683	13.0	-0.113354	-0.234065	0.50086	14.0	-0.079325	-0.298187	0.195788	15.0	-0.060257	-0.194282	0.102713	16.0	0.0192811	-0.256633	0.852228	17.0	0.0854586	-0.0615512	0.547198	18.0	0.118567	-0.0706103	0.234118	19.0	0.129749	0.00122531	0.158802	20.0	-0.0848707	-0.274818	1.35407	21.0	-0.291203	-0.105834	0.684996	22.0	-0.265547	-0.0987744	0.779547	23.0	0.229979	-0.207425	0.717627	24.0	0.266692	-0.200709	0.778161
22.042	0.0	-0.0671119	-0.260258	0.842144	1.0	-0.0772092	-0.261575	1.13462	2.0	-0.0833061	-0.251416	1.42155	3.0	-0.103365	-0.226165	1.55801	4.0	-0.246806	-0.220388	1.28774	5.0	-0.295557	-0.2269	1.02766	6.0	-0.299799	-0.144746	0.811128	7.0	-0.289855	-0.118322	0.74416	8.0	0.0879787	-0.262153	1.3114	9.0	0.18267	-0.284601	1.05055	10.0	0.22313	-0.235906	0.828358	11.0	0.227526	-0.20732	0.778522	12.0	-0.131351	-0.213387	0.837476	13.0	-0.12893	-0.218211	0.556542	14.0	-0.105886	-0.280775	0.285718	15.0	-0.073634	-0.209935	0.176092	16.0	0.0233579	-0.239889	0.850164	17.0	0.0890299	-0.0408395	0.552865	18.0	0.117457	-0.0466147	0.227934	19.0	0.123945	0.0335544	0.150117	20.0	-0.0825607	-0.256081	1.35056	21.0	-0.269372	-0.101074	0.676792	22.0	-0.268954	-0.112231	0.727893	23.0	0.226729	-0.192178	0.709315	24.0	0.250154	-0.192361	0.725352
22.075	0.0	-0.0665956	-0.255714	0.840655	1.0	-0.0767702	-0.257038	1.13231	2.0	-0.0827405	-0.2469	1.41844	3.0	-0.103121	-0.222515	1.55553	4.0	-0.251135	-0.216288	1.28595	5.0	-0.295852	-0.223883	1.02738	6.0	-0.299559	-0.145318	0.809584	7.0	-0.293861	-0.128573	0.744227	8.0	0.0862353	-0.253873	1.30728	9.0	0.183501	-0.277073	1.04296	10.0	0.224782	-0.22536	0.821377	11.0	0.225712	-0.201532	0.765199	12.0	-0.131187	-0.21097	0.836207	13.0	-0.134015	-0.212057	0.555036	14.0	-0.110043	-0.272965	0.297015	15.0	-0.0792519	-0.199759	0.187463	16.0	0.024387	-0.23254	0.848594	17.0	0.0845634	-0.0206391	0.547225	18.0	0.109211	-0.00187351	0.210897	19.0	0.129443	0.081102	0.136896	20.0	-0.0820559	-0.251571	1.34766	21.0	-0.271308	-0.100261	0.675739	22.0	-0.265326	-0.102171	0.739461	23.0	0.218804	-0.193838	0.698308	24.0	0.256489	-0.174676	0.759821
22.108	0.0	-0.0647233	-0.216128	0.837855	1.0	-0.0732159	-0.228822	1.12856	2.0	-0.0779049	-0.227947	1.4143	3.0	-0.0913722	-0.188321	1.54543	4.0	-0.248567	-0.181817	1.28402	5.0	-0.293685	-0.193114	1.01846	6.0	-0.283657	-0.119274	0.799124	7.0	-0.280202	-0.108008	0.733973	8.0	0.0940245	-0.21634	1.30072	9.0	0.180072	-0.244993	1.04418	10.0	0.228407	-0.208608	0.821557	11.0	0.229409	-0.182643	0.75075	12.0	-0.127361	-0.167609	0.836279	13.0	-0.127249	-0.190759	0.55924	14.0	-0.107014	-0.258945	0.292048	15.0	-0.0335111	-0.134663	0.240308	16.0	0.024514	-0.197682	0.843283	17.0	0.0894737	0.0135623	0.525609	18.0	0.109983	0.0412068	0.172878	19.0	0.106185	0.12709	0.107885	20.0	-0.0775124	-0.230519	1.34358	21.0	-0.266563	-0.0998873	0.668631	22.0	-0.24527	-0.0857651	0.722438	23.0	0.233659	-0.175498	0.701292	24.0	0.267652	-0.172459	0.750879
22.142	0.0	-0.0668033	-0.211717	0.835597	1.0	-0.0755339	-0.219825	1.12594	2.0	-0.0796662	-0.214748	1.4115	3.0	-0.0904953	-0.185501	1.54412	4.0	-0.249513	-0.178709	1.28218	5.0	-0.292535	-0.19092	1.01782	6.0	-0.28468	-0.118158	0.798149	7.0	-0.274719	-0.103788	0.724797	8.0	0.0941568	-0.210934	1.2962	9.0	0.180476	-0.23844	1.04301	10.0	0.229783	-0.202951	0.820504	11.0	0.227725	-0.173623	0.762193	12.0	-0.129383	-0.165065	0.834223	13.0	-0.137116	-0.205419	0.52748	14.0	-0.11671	-0.278705	0.261991	15.0	-0.0483211	-0.141435	0.229842	16.0	0.0223689	-0.190634	0.840675	17.0	0.0870371	0.0192125	0.520355	18.0	0.0999267	0.0564352	0.185535	19.0	0.117093	0.16977	0.118905	20.0	-0.0794982	-0.218248	1.34081	21.0	-0.253061	-0.090467	0.657475	22.0	-0.263876	-0.121589	0.67951	23.0	0.236907	-0.159641	0.701024	24.0	0.259495	-0.15286	0.76496
22.175	0.0	-0.0583669	-0.192168	0.828272	1.0	-0.066135	-0.193401	1.1179	2.0	-0.0696561	-0.183062	1.40268	3.0	-0.0868843	-0.169036	1.53802	4.0	-0.247157	-0.157859	1.27649	5.0	-0.290968	-0.170774	1.00982	6.0	-0.276737	-0.101334	0.789473	7.0	-0.273514	-0.0901223	0.73622	8.0	0.0982011	-0.188629	1.29	9.0	0.182418	-0.22041	1.04197	10.0	0.23339	-0.180431	0.82039	11.0	0.232793	-0.153188	0.748959	12.0	-0.120104	-0.14529	0.825121	13.0	-0.140564	-0.17303	0.551059	14.0	-0.121035	-0.260508	0.296131	15.0	-0.0511697	-0.127401	0.254583	16.0	0.0297937	-0.17206	0.835189	17.0	0.0823218	0.0432048	0.495661	18.0	0.106692	0.083773	0.179193	19.0	0.111839	0.19036	0.112085	20.0	-0.0696198	-0.187787	1.3322	21.0	-0.262092	-0.0852772	0.657528	22.0	-0.275443	-0.080027	0.715765	23.0	0.230366	-0.147897	0.681876	24.0	0.253782	-0.119324	0.761866
22.208	0.0	-0.0569584	-0.17075	0.82237	1.0	-0.0638727	-0.174186	1.11455	2.0	-0.0664032	-0.165891	1.4013	3.0	-0.0821693	-0.143733	1.53784	4.0	-0.241421	-0.130866	1.27228	5.0	-0.281677	-0.13581	1.00168	6.0	-0.270123	-0.0802518	0.777916	7.0	-0.261849	-0.0627162	0.731306	8.0	0.107147	-0.163432	1.28216	9.0	0.191512	-0.18242	1.02356	10.0	0.235079	-0.163345	0.798767	11.0	0.230943	-0.141377	0.742675	12.0	-0.117831	-0.123574	0.820617	13.0	-0.131569	-0.158585	0.547804	14.0	-0.116517	-0.23378	0.286713	15.0	-0.0490041	-0.100997	0.241054	16.0	0.0304812	-0.150833	0.827947	17.0	0.0821232	0.0482836	0.486302	18.0	0.100713	0.12389	0.147106	19.0	0.115935	0.222115	0.0720148	20.0	-0.0666183	-0.170134	1.33036	21.0	-0.241692	-0.056914	0.651223	22.0	-0.270755	-0.0493692	0.752028	23.0	0.233714	-0.121338	0.676049	24.0	0.258806	-0.121467	0.757167
22.242	0.0	-0.0559178	-0.153872	0.81912	1.0	-0.0600318	-0.153729	1.11219	2.0	-0.059046	-0.141585	1.40009	3.0	-0.0742318	-0.125888	1.53133	4.0	-0.239157	-0.11771	1.27274	5.0	-0.279794	-0.129837	0.997086	6.0	-0.267195	-0.0668166	0.77488	7.0	-0.256228	-0.041398	0.727412	8.0	0.110153	-0.135351	1.27547	9.0	0.191226	-0.176383	1.02177	10.0	0.232695	-0.147222	0.797083	11.0	0.233334	-0.124493	0.734644	12.0	-0.117225	-0.11016	0.818415	13.0	-0.126387	-0.151537	0.534556	14.0	-0.116495	-0.233947	0.273466	15.0	-0.0482756	-0.0998274	0.230668	16.0	0.0321358	-0.130288	0.823594	17.0	0.0805018	0.0562844	0.480897	18.0	0.103791	0.13514	0.14947	19.0	0.120351	0.266499	0.112076	20.0	-0.0602067	-0.14681	1.32884	21.0	-0.247875	-0.0546326	0.650485	22.0	-0.281005	-0.032527	0.756617	23.0	0.229214	-0.115048	0.667032	24.0	0.259608	-0.119482	0.706313
22.275	0.0	-0.0513939	-0.127467	0.815816	1.0	-0.0552417	-0.127668	1.10772	2.0	-0.0544001	-0.116696	1.3944	3.0	-0.0684998	-0.103084	1.53042	4.0	-0.238712	-0.0958414	1.27034	5.0	-0.278968	-0.110509	0.989452	6.0	-0.263049	-0.0399759	0.769142	7.0	-0.25851	-0.0259862	0.722944	8.0	0.117723	-0.113273	1.27286	9.0	0.201964	-0.147365	1.01757	10.0	0.236899	-0.12379	0.791322	11.0	0.23404	-0.108927	0.724542	12.0	-0.113386	-0.0869075	0.814488	13.0	-0.127124	-0.128981	0.54386	14.0	-0.119889	-0.204612	0.280342	15.0	-0.0496963	-0.0730825	0.233854	16.0	0.0373936	-0.101113	0.821253	17.0	0.0824051	0.0704575	0.463602	18.0	0.102631	0.135452	0.149593	19.0	0.112773	0.252664	0.0649298	20.0	-0.0554843	-0.12156	1.32345	21.0	-0.243377	-0.0219135	0.644906	22.0	-0.261668	-0.00255886	0.695423	23.0	0.226069	-0.103007	0.657681	24.0	0.225822	-0.103837	0.673959
22.308	0.0	-0.0354715	-0.0777071	0.812654	1.0	-0.0399594	-0.0760379	1.10425	2.0	-0.0397706	-0.0629764	1.39043	3.0	-0.0490372	-0.0451306	1.52668	4.0	-0.213694	-0.0292901	1.26737	5.0	-0.26514	-0.0519844	0.998829	6.0	-0.253653	0.0101472	0.776061	7.0	-0.24552	0.0229614	0.719395	8.0	0.129127	-0.0661964	1.27076	9.0	0.20812	-0.109444	1.01288	10.0	0.243078	-0.102473	0.786234	11.0	0.242621	-0.0742946	0.723443	12.0	-0.0947468	-0.0278612	0.811774	13.0	-0.12093	-0.080485	0.546632	14.0	-0.114581	-0.162917	0.285452	15.0	-0.0426572	-0.0318478	0.239317	16.0	0.0486806	-0.06664	0.818195	17.0	0.0929497	0.0965336	0.476867	18.0	0.110184	0.147197	0.153635	19.0	0.119804	0.252027	0.103567	20.0	-0.0406891	-0.0683757	1.31963	21.0	-0.238188	0.0130652	0.638194	22.0	-0.254749	0.0437305	0.6922	23.0	0.241306	-0.0747118	0.659867	24.0	0.225629	-0.0685486	0.714104
22.342	0.0	-0.0315405	-0.062943	0.813842	1.0	-0.0365706	-0.0629522	1.10679	2.0	-0.0368431	-0.0513204	1.39416	3.0	-0.0473602	-0.0388503	1.52657	4.0	-0.2088	-0.0120009	1.26953	5.0	-0.262052	-0.0374672	0.993862	6.0	-0.252443	0.0148412	0.768821	7.0	-0.246985	0.039479	0.720933	8.0	0.130941	-0.0506482	1.27216	9.0	0.210945	-0.0888032	1.0133	10.0	0.244288	-0.0864153	0.786381	11.0	0.243891	-0.0623593	0.724018	12.0	-0.0907097	-0.0129915	0.812305	13.0	-0.112869	-0.0623337	0.545821	14.0	-0.105048	-0.140079	0.283001	15.0	-0.0328417	-0.0101671	0.234576	16.0	0.0547223	-0.044684	0.820087	17.0	0.0933155	0.10249	0.475221	18.0	0.109112	0.152135	0.152382	19.0	0.110316	0.250271	0.0954992	20.0	-0.0376537	-0.0563841	1.32308	21.0	-0.238828	0.0224517	0.637524	22.0	-0.259087	0.0534919	0.707675	23.0	0.234029	-0.0729315	0.649424	24.0	0.224977	-0.0449678	0.706428
22.439	0.0	-0.0223338	0.00693932	0.813224	1.0	-0.0210595	0.00693242	1.10751	2.0	-0.015734	0.0163948	1.396	3.0	-0.0235007	0.0330798	1.52915	4.0	-0.191039	0.053733	1.26616	5.0	-0.251394	0.0223574	0.991545	6.0	-0.260682	0.0611041	0.764624	7.0	-0.253999	0.0839479	0.715196	8.0	0.146179	0.0219493	1.27526	9.0	0.2317	-0.0243635	1.00887	10.0	0.267145	-0.0147786	0.781878	11.0	0.255347	-0.0151735	0.721717	12.0	-0.0823658	0.0535259	0.810481	13.0	-0.116301	-0.0256819	0.519916	14.0	-0.109224	-0.104569	0.257564	15.0	-0.0319173	0.0234436	0.210774	16.0	0.0644847	0.0246753	0.820161	17.0	0.0953355	0.131464	0.472621	18.0	0.107114	0.158061	0.145049	19.0	0.0958988	0.247896	0.08337	20.0	-0.017908	0.0119036	1.32468	21.0	-0.251153	0.0620325	0.640966	22.0	-0.256314	0.127944	0.705086	23.0	0.237853	-0.0303474	0.646392	24.0	0.23752	0.00663075	0.732633
22.458	0.0	-0.0188136	0.0249687	0.815508	1.0	-0.0156505	0.0254604	1.11031	2.0	-0.00744575	0.0381281	1.39965	3.0	-0.020614	0.046298	1.53432	4.0	-0.187671	0.0656171	1.27168	5.0	-0.246551	0.0402716	0.988988	6.0	-0.259402	0.0785906	0.762272	7.0	-0.257656	0.103104	0.714731	8.0	0.154625	0.0435906	1.27727	9.0	0.233989	-0.00266025	1.01618	10.0	0.268718	-0.000858729	0.789244	11.0	0.263834	0.0139184	0.724716	12.0	-0.0793856	0.0680655	0.812716	13.0	-0.115942	-0.00326644	0.489761	14.0	-0.108878	-0.0817988	0.22809	15.0	-0.0268925	0.0457576	0.186396	16.0	0.0692201	0.0497548	0.822603	17.0	0.0968518	0.145231	0.473969	18.0	0.10557	0.160303	0.141458	19.0	0.0936865	0.24479	0.0757698	20.0	-0.0103995	0.032783	1.32809	21.0	-0.245864	0.107116	0.64589	22.0	-0.269959	0.124989	0.697385	23.0	0.253964	0.0104355	0.658891	24.0	0.237185	0.0233754	0.703752
22.475	0.0	-0.0209218	0.0535415	0.81778	1.0	-0.0173057	0.0574945	1.11252	2.0	-0.00887732	0.0725852	1.40155	3.0	-0.00553682	0.0942389	1.53773	4.0	-0.180174	0.101394	1.28208	5.0	-0.240263	0.0688158	0.988161	6.0	-0.258426	0.107883	0.762017	7.0	-0.253423	0.137441	0.713596	8.0	0.169976	0.0834605	1.27903	9.0	0.246787	0.0478854	1.01785	10.0	0.280613	0.0482259	0.790827	11.0	0.271365	0.048407	0.728239	12.0	-0.0797427	0.0986916	0.817737	13.0	-0.103147	0.0573483	0.49711	14.0	-0.0954862	-0.0547118	0.250074	15.0	-0.0142616	0.0683435	0.198787	16.0	0.0656326	0.0747393	0.822244	17.0	0.102192	0.160905	0.482064	18.0	0.106154	0.164236	0.143722	19.0	0.0950403	0.245603	0.0754366	20.0	-0.0118656	0.0667014	1.33009	21.0	-0.241649	0.149238	0.648421	22.0	-0.235581	0.172647	0.64604	23.0	0.267284	0.0478541	0.665197	24.0	0.241207	0.0465942	0.701138
22.508	0.0	-0.00992757	0.0998051	0.816604	1.0	-0.00286903	0.0985045	1.11595	2.0	0.00892297	0.109895	1.40925	3.0	-0.00246038	0.128123	1.54272	4.0	-0.163983	0.154109	1.27548	5.0	-0.226711	0.117684	0.995326	6.0	-0.252656	0.142521	0.768746	7.0	-0.248214	0.162192	0.71419	8.0	0.173014	0.122935	1.28816	9.0	0.254644	0.0756946	1.01601	10.0	0.292724	0.0828467	0.789363	11.0	0.287951	0.0987489	0.741527	12.0	-0.0660333	0.147591	0.816516	13.0	-0.0957421	0.0912592	0.477451	14.0	-0.0964893	-0.0094617	0.225177	15.0	-0.0063902	0.10847	0.176924	16.0	0.073795	0.117971	0.82097	17.0	0.106139	0.176025	0.476722	18.0	0.109479	0.167542	0.143833	19.0	0.0939102	0.244933	0.0743594	20.0	0.00508637	0.104819	1.33674	21.0	-0.240103	0.149206	0.650589	22.0	-0.211289	0.205805	0.723656	23.0	0.275401	0.0905269	0.667716	24.0	0.270304	0.13287	0.740719
22.542	0.0	-0.0111115	0.106535	0.817897	1.0	-0.00253416	0.108143	1.1188	2.0	0.0112621	0.122163	1.41407	3.0	-7.64473e-05	0.142274	1.54698	4.0	-0.169887	0.153314	1.28237	5.0	-0.227598	0.119794	0.993404	6.0	-0.254568	0.149681	0.767344	7.0	-0.250183	0.172605	0.719337	8.0	0.176343	0.139052	1.29104	9.0	0.260153	0.100306	1.01509	10.0	0.311298	0.136927	0.792223	11.0	0.295577	0.140852	0.732883	12.0	-0.0669634	0.14924	0.817051	13.0	-0.0929911	0.114191	0.473102	14.0	-0.0951957	0.0028212	0.225926	15.0	-0.00304604	0.117699	0.175345	16.0	0.0729462	0.134114	0.82335	17.0	0.106917	0.180227	0.474677	18.0	0.109085	0.168315	0.141974	19.0	0.100323	0.244721	0.0696582	20.0	0.00689268	0.116466	1.34104	21.0	-0.243786	0.167097	0.651251	22.0	-0.219861	0.225115	0.747905	23.0	0.295147	0.133814	0.683698	24.0	0.264302	0.133527	0.698542
22.575	0.0	-0.00327963	0.149678	0.817493	1.0	0.0054593	0.154313	1.12003	2.0	0.0186967	0.169568	1.41659	3.0	0.0013125	0.183061	1.55296	4.0	-0.165142	0.182567	1.28546	5.0	-0.224729	0.145853	0.995638	6.0	-0.251145	0.16822	0.768979	7.0	-0.248265	0.19187	0.724939	8.0	0.181083	0.181125	1.2966	9.0	0.2671	0.143614	1.03286	10.0	0.317823	0.186293	0.810603	11.0	0.311864	0.187506	0.748685	12.0	-0.0618616	0.186859	0.816602	13.0	-0.0834695	0.166761	0.46987	14.0	-0.069517	0.0538193	0.224011	15.0	0.0248437	0.158486	0.163307	16.0	0.0826993	0.175813	0.822744	17.0	0.10819	0.188588	0.471978	18.0	0.109596	0.168844	0.141799	19.0	0.0949377	0.23818	0.0674696	20.0	0.0145279	0.163687	1.34329	21.0	-0.233015	0.199571	0.65521	22.0	-0.214613	0.227468	0.75782	23.0	0.305384	0.176667	0.678559	24.0	0.280727	0.186612	0.710773
22.608	0.0	-0.00365172	0.166903	0.821533	1.0	0.00586154	0.166416	1.12483	2.0	0.0197623	0.178395	1.42199	3.0	0.00196041	0.199974	1.55545	4.0	-0.162987	0.209337	1.28837	5.0	-0.222363	0.174186	0.993582	6.0	-0.242562	0.207356	0.766754	7.0	-0.239138	0.219969	0.726331	8.0	0.184186	0.201852	1.29713	9.0	0.277552	0.181366	1.05785	10.0	0.324963	0.213822	0.825963	11.0	0.323212	0.244679	0.764647	12.0	-0.062259	0.206397	0.821448	13.0	-0.081239	0.203262	0.471765	14.0	-0.0819251	0.0422426	0.140753	15.0	-0.104964	0.0555894	0.0629719	16.0	0.0827505	0.194336	0.826297	17.0	0.108267	0.193093	0.470222	18.0	0.107699	0.171962	0.141622	19.0	0.0952058	0.238592	0.0652793	20.0	0.0154343	0.173204	1.34855	21.0	-0.221476	0.218037	0.656552	22.0	-0.212207	0.247518	0.753774	23.0	0.32588	0.263283	0.704924	24.0	0.299855	0.249025	0.735217
22.642	0.0	-0.00280688	0.189866	0.824328	1.0	0.00625894	0.201343	1.12656	2.0	0.0198271	0.225985	1.42205	3.0	0.00229805	0.233581	1.56289	4.0	-0.164394	0.229021	1.29308	5.0	-0.219661	0.190046	1.00058	6.0	-0.237318	0.215818	0.772722	7.0	-0.234679	0.237221	0.727838	8.0	0.186026	0.23332	1.30077	9.0	0.27757	0.206468	1.06637	10.0	0.338616	0.270472	0.836427	11.0	0.335548	0.296938	0.771544	12.0	-0.061265	0.225006	0.824468	13.0	-0.0795858	0.24807	0.474842	14.0	-0.0502582	0.103822	0.140734	15.0	-0.0961326	0.121639	0.0756825	16.0	0.0837177	0.221201	0.828363	17.0	0.112959	0.202295	0.468768	18.0	0.106677	0.172372	0.14089	19.0	0.096835	0.24238	0.0650862	20.0	0.0155625	0.217568	1.34908	21.0	-0.226445	0.234256	0.658783	22.0	-0.201536	0.259817	0.742406	23.0	0.331235	0.304046	0.702551	24.0	0.311289	0.304745	0.738384
22.675	0.0	-0.00197004	0.210812	0.823467	1.0	0.00706785	0.219841	1.12729	2.0	0.0207236	0.240461	1.42436	3.0	0.00576879	0.261352	1.55721	4.0	-0.166087	0.252638	1.29732	5.0	-0.217103	0.210631	1.00107	6.0	-0.235959	0.233754	0.773114	7.0	-0.232412	0.260719	0.736235	8.0	0.188234	0.258544	1.29884	9.0	0.279982	0.244319	1.07305	10.0	0.3489	0.33114	0.841158	11.0	0.342512	0.353268	0.779105	12.0	-0.0598403	0.24793	0.824547	13.0	-0.0729734	0.297759	0.480043	14.0	-0.054596	0.148804	0.141406	15.0	-0.0749379	0.212225	0.0666102	16.0	0.0842209	0.24003	0.826714	17.0	0.114866	0.205516	0.463678	18.0	0.103214	0.172673	0.137577	19.0	0.0964202	0.243657	0.0613509	20.0	0.0164329	0.233128	1.35102	21.0	-0.229	0.256202	0.669228	22.0	-0.198927	0.288548	0.718596	23.0	0.343341	0.359122	0.715692	24.0	0.323682	0.363439	0.746232
22.708	0.0	-0.00116372	0.237832	0.823358	1.0	0.00951502	0.246603	1.12732	2.0	0.0249238	0.266883	1.42491	3.0	0.00474411	0.289788	1.55937	4.0	-0.159435	0.283465	1.29734	5.0	-0.218082	0.224818	1.00504	6.0	-0.230367	0.26133	0.777534	7.0	-0.228557	0.282179	0.738445	8.0	0.191502	0.286241	1.30314	9.0	0.285092	0.288356	1.07778	10.0	0.34892	0.357163	0.859824	11.0	0.346274	0.396223	0.789447	12.0	-0.0585539	0.277089	0.825476	13.0	-0.069515	0.337396	0.476302	14.0	-0.0656006	0.228844	0.138804	15.0	-0.067882	0.28734	0.0572831	16.0	0.084772	0.264836	0.825624	17.0	0.11739	0.216318	0.455748	18.0	0.0951964	0.173621	0.134053	19.0	0.101791	0.24823	0.0574837	20.0	0.0201891	0.259705	1.3514	21.0	-0.22968	0.268082	0.663109	22.0	-0.186289	0.320382	0.751168	23.0	0.333272	0.39612	0.716645	24.0	0.333097	0.395144	0.775896
22.742	0.0	0.00998514	0.276739	0.819006	1.0	0.015323	0.28626	1.12535	2.0	0.0256596	0.307968	1.42531	3.0	0.00778742	0.330164	1.55763	4.0	-0.152458	0.337388	1.29011	5.0	-0.208239	0.277523	1.00779	6.0	-0.222392	0.296749	0.779201	7.0	-0.222113	0.315693	0.742171	8.0	0.1898	0.325205	1.29798	9.0	0.295501	0.335774	1.08551	10.0	0.348754	0.416697	0.865301	11.0	0.351026	0.45091	0.790417	12.0	-0.047305	0.316921	0.819761	13.0	-0.0627269	0.378778	0.475407	14.0	-0.0590634	0.313616	0.142205	15.0	-0.0781745	0.393834	0.0759478	16.0	0.0958846	0.302677	0.822653	17.0	0.118389	0.231293	0.453167	18.0	0.0944883	0.177805	0.135004	19.0	0.104442	0.249275	0.0566235	20.0	0.0221731	0.30034	1.3512	21.0	-0.213477	0.312349	0.667532	22.0	-0.189805	0.344621	0.725028	23.0	0.345225	0.458831	0.727034	24.0	0.324843	0.45165	0.765896
22.775	0.0	0.00852823	0.279754	0.818509	1.0	0.0131829	0.29052	1.12504	2.0	0.0227975	0.313239	1.4253	3.0	0.00392739	0.339223	1.55555	4.0	-0.157868	0.336471	1.29182	5.0	-0.213263	0.280282	1.00191	6.0	-0.224296	0.302313	0.773262	7.0	-0.228657	0.319772	0.737658	8.0	0.188684	0.331452	1.29774	9.0	0.291366	0.341493	1.08384	10.0	0.353216	0.459658	0.860841	11.0	0.348806	0.491576	0.785509	12.0	-0.0482462	0.317964	0.819388	13.0	-0.0652654	0.403485	0.470969	14.0	-0.0771842	0.404407	0.157932	15.0	-0.0683595	0.498329	0.0948911	16.0	0.0939039	0.308818	0.822089	17.0	0.11749	0.24052	0.451702	18.0	0.0939027	0.178507	0.134378	19.0	0.102398	0.250808	0.0562966	20.0	0.0194825	0.305401	1.35111	21.0	-0.216175	0.327732	0.657167	22.0	-0.198401	0.344346	0.718694	23.0	0.338375	0.504506	0.730322	24.0	0.346002	0.49208	0.732614
22.808	0.0	0.00479767	0.305221	0.814464	1.0	0.00819826	0.319952	1.12004	2.0	0.0165797	0.346072	1.41926	3.0	-0.0014716	0.368	1.55635	4.0	-0.169982	0.347476	1.29055	5.0	-0.218371	0.298448	1.0111	6.0	-0.225776	0.307415	0.781915	7.0	-0.235398	0.336915	0.729289	8.0	0.188468	0.362249	1.29414	9.0	0.289548	0.373309	1.08261	10.0	0.345721	0.494339	0.857641	11.0	0.346289	0.52848	0.790969	12.0	-0.0516646	0.338809	0.814439	13.0	-0.0645676	0.4343	0.459673	14.0	-0.0808974	0.483534	0.161191	15.0	-0.0554524	0.580417	0.101492	16.0	0.0902978	0.337582	0.819365	17.0	0.119495	0.253561	0.454085	18.0	0.0946266	0.181406	0.137981	19.0	0.0987236	0.250063	0.0583744	20.0	0.0135584	0.337442	1.34534	21.0	-0.221905	0.353276	0.651014	22.0	-0.19205	0.379628	0.746816	23.0	0.336829	0.554564	0.735223	24.0	0.309349	0.534331	0.770512
22.842	0.0	0.00894537	0.34967	0.807022	1.0	0.00633722	0.359431	1.11419	2.0	0.00950704	0.381621	1.41469	3.0	-0.00721887	0.417939	1.54494	4.0	-0.171061	0.404672	1.28168	5.0	-0.216091	0.348156	0.992126	6.0	-0.226063	0.356079	0.763332	7.0	-0.231751	0.368959	0.732214	8.0	0.18456	0.396972	1.29449	9.0	0.289347	0.425829	1.08517	10.0	0.337176	0.515361	0.870464	11.0	0.340434	0.564193	0.794107	12.0	-0.047473	0.391078	0.806973	13.0	-0.0641333	0.488227	0.439687	14.0	-0.0734451	0.574476	0.164185	15.0	-0.064542	0.70878	0.0955673	16.0	0.0943005	0.37249	0.812342	17.0	0.122594	0.275096	0.451911	18.0	0.0933954	0.186495	0.134038	19.0	0.0985015	0.250229	0.0525025	20.0	0.00772937	0.373874	1.34048	21.0	-0.224481	0.375656	0.65375	22.0	-0.184145	0.409205	0.751415	23.0	0.332903	0.576355	0.731024	24.0	0.310151	0.570641	0.747406
22.875	0.0	0.00681537	0.374797	0.801405	1.0	0.00627623	0.383472	1.11101	2.0	0.0109858	0.403457	1.4139	3.0	-0.00906108	0.429577	1.54424	4.0	-0.17081	0.426599	1.27849	5.0	-0.217621	0.366205	0.991789	6.0	-0.228775	0.367693	0.763401	7.0	-0.231466	0.396488	0.724961	8.0	0.178109	0.432326	1.28791	9.0	0.281358	0.445601	1.07756	10.0	0.334683	0.571547	0.87805	11.0	0.337966	0.607851	0.794612	12.0	-0.0496365	0.415204	0.800548	13.0	-0.064542	0.510662	0.437734	14.0	-0.0652644	0.638621	0.164272	15.0	-0.0509442	0.767798	0.110184	16.0	0.0925671	0.400978	0.807119	17.0	0.12238	0.295718	0.449866	18.0	0.0929809	0.188134	0.134388	19.0	0.0994271	0.250708	0.0523519	20.0	0.00885976	0.396363	1.33911	21.0	-0.229764	0.392154	0.645928	22.0	-0.203493	0.431307	0.727593	23.0	0.329423	0.618383	0.735438	24.0	0.299935	0.609653	0.740928
22.908	0.0	0.0102189	0.422074	0.79536	1.0	0.00683492	0.432243	1.10638	2.0	0.00871984	0.453784	1.41081	3.0	-0.011415	0.483063	1.5422	4.0	-0.158599	0.493266	1.26838	5.0	-0.214414	0.424633	0.985515	6.0	-0.228619	0.430673	0.757336	7.0	-0.227516	0.437934	0.711829	8.0	0.173934	0.469867	1.28929	9.0	0.271817	0.496959	1.07687	10.0	0.33063	0.595933	0.872275	11.0	0.330843	0.643657	0.798329	12.0	-0.046777	0.46724	0.795601	13.0	-0.0560711	0.563782	0.425607	14.0	-0.0567398	0.677404	0.167572	15.0	-0.0461177	0.782378	0.111021	16.0	0.0966732	0.440171	0.800718	17.0	0.125106	0.318396	0.450643	18.0	0.0910898	0.19989	0.138241	19.0	0.1038	0.250647	0.0526878	20.0	0.00727504	0.446464	1.33561	21.0	-0.220487	0.434986	0.641041	22.0	-0.223189	0.479243	0.739123	23.0	0.325292	0.666451	0.741876	24.0	0.350579	0.644455	0.755941
22.942	0.0	0.00586438	0.434628	0.794393	1.0	0.00113468	0.442815	1.10498	2.0	0.00170248	0.462755	1.40894	3.0	-0.020879	0.49338	1.53779	4.0	-0.17895	0.494083	1.26268	5.0	-0.223425	0.430512	0.981199	6.0	-0.234468	0.430807	0.753071	7.0	-0.243334	0.445835	0.713421	8.0	0.166745	0.484618	1.28394	9.0	0.263225	0.507767	1.06697	10.0	0.308328	0.614961	0.863029	11.0	0.31285	0.661799	0.789378	12.0	-0.0501576	0.476193	0.794814	13.0	-0.0568135	0.570774	0.42609	14.0	-0.0594811	0.680519	0.165121	15.0	-0.0454729	0.793089	0.106226	16.0	0.091256	0.459518	0.799221	17.0	0.121112	0.332169	0.451801	18.0	0.0914454	0.2021	0.139316	19.0	0.103723	0.249113	0.0530786	20.0	0.000627501	0.455683	1.33388	21.0	-0.248899	0.419859	0.630243	22.0	-0.217116	0.486329	0.71476	23.0	0.309916	0.677661	0.734111	24.0	0.27139	0.650681	0.751209
22.975	0.0	-0.0031149	0.468184	0.792955	1.0	-0.00993351	0.468918	1.10288	2.0	-0.0109027	0.482337	1.40625	3.0	-0.0365545	0.509816	1.53625	4.0	-0.194147	0.501478	1.26139	5.0	-0.240652	0.444751	0.980097	6.0	-0.248293	0.446112	0.751777	7.0	-0.256695	0.464125	0.697619	8.0	0.157943	0.502507	1.28127	9.0	0.254158	0.529651	1.06051	10.0	0.299397	0.641416	0.85894	11.0	0.300398	0.690581	0.783577	12.0	-0.0592725	0.503144	0.792787	13.0	-0.0604473	0.602063	0.442993	14.0	-0.0602565	0.681981	0.165294	15.0	-0.0444399	0.796548	0.101885	16.0	0.0837853	0.498531	0.798544	17.0	0.116271	0.366808	0.458449	18.0	0.0912913	0.204196	0.137548	19.0	0.103104	0.251965	0.0514605	20.0	-0.0116599	0.476772	1.33132	21.0	-0.246526	0.470263	0.627459	22.0	-0.214583	0.512274	0.703448	23.0	0.296053	0.708177	0.730646	24.0	0.256111	0.686533	0.743791
23.008	0.0	-0.00267528	0.51093	0.795078	1.0	-0.0172943	0.512672	1.10462	2.0	-0.0265517	0.525928	1.40738	3.0	-0.0485689	0.546697	1.53758	4.0	-0.212494	0.533405	1.25875	5.0	-0.251528	0.485845	0.971549	6.0	-0.256994	0.489722	0.743084	7.0	-0.26519	0.498556	0.694229	8.0	0.148068	0.542721	1.28022	9.0	0.242511	0.562068	1.05651	10.0	0.284797	0.664094	0.849382	11.0	0.284668	0.707068	0.779704	12.0	-0.0585586	0.553887	0.793476	13.0	-0.0638054	0.63577	0.450599	14.0	-0.0627827	0.691177	0.167035	15.0	-0.0477686	0.809237	0.0988503	16.0	0.0840391	0.53336	0.801678	17.0	0.114629	0.393607	0.460359	18.0	0.0919228	0.209988	0.139731	19.0	0.102898	0.26469	0.0550897	20.0	-0.0252264	0.520524	1.33262	21.0	-0.249926	0.498281	0.622851	22.0	-0.224338	0.537343	0.721543	23.0	0.280323	0.722467	0.727571	24.0	0.249799	0.715957	0.715478
23.042	0.0	-0.00755347	0.535585	0.793742	1.0	-0.0250136	0.537188	1.10222	2.0	-0.0368694	0.550109	1.40387	3.0	-0.0578765	0.572788	1.53633	4.0	-0.216782	0.562106	1.25624	5.0	-0.255958	0.51308	0.974388	6.0	-0.26402	0.519329	0.746017	7.0	-0.272345	0.535064	0.690006	8.0	0.141728	0.564848	1.28068	9.0	0.230283	0.588151	1.04762	10.0	0.274239	0.68661	0.839679	11.0	0.272326	0.72591	0.779332	12.0	-0.062958	0.573377	0.792893	13.0	-0.0646654	0.655551	0.450886	14.0	-0.065567	0.709678	0.156036	15.0	-0.0480099	0.811524	0.0961317	16.0	0.0790248	0.563197	0.799729	17.0	0.116626	0.441655	0.44968	18.0	0.0966265	0.235309	0.149213	19.0	0.107578	0.258607	0.062108	20.0	-0.0349339	0.544817	1.32939	21.0	-0.261649	0.532204	0.622651	22.0	-0.224538	0.583535	0.718935	23.0	0.265455	0.739415	0.725187	24.0	0.236373	0.732833	0.737293
23.075	0.0	-0.01988	0.568566	0.79792	1.0	-0.0336922	0.562339	1.1071	2.0	-0.0423824	0.568408	1.40904	3.0	-0.0671356	0.596415	1.54345	4.0	-0.222791	0.592604	1.25978	5.0	-0.270999	0.533462	0.971207	6.0	-0.276338	0.548198	0.742642	7.0	-0.285642	0.559064	0.688319	8.0	0.129873	0.5965	1.28495	9.0	0.222851	0.607061	1.05363	10.0	0.265061	0.69496	0.840949	11.0	0.25637	0.735006	0.776392	12.0	-0.0764624	0.608234	0.797455	13.0	-0.0690103	0.677043	0.452848	14.0	-0.0674349	0.712398	0.157676	15.0	-0.0477723	0.810109	0.0964818	16.0	0.068369	0.593454	0.803598	17.0	0.119354	0.488956	0.448838	18.0	0.102496	0.265554	0.164188	19.0	0.113758	0.284091	0.0775429	20.0	-0.0411903	0.564726	1.33453	21.0	-0.27613	0.548641	0.624094	22.0	-0.245645	0.586369	0.694954	23.0	0.238742	0.743951	0.71799	24.0	0.234696	0.727081	0.728929
23.108	0.0	-0.0242346	0.599708	0.803324	1.0	-0.0384684	0.595566	1.11212	2.0	-0.0468745	0.601929	1.41372	3.0	-0.076368	0.629055	1.54923	4.0	-0.228769	0.639052	1.26025	5.0	-0.272022	0.59191	0.975483	6.0	-0.287555	0.602322	0.747568	7.0	-0.286574	0.60726	0.688809	8.0	0.125609	0.613993	1.28861	9.0	0.211838	0.629593	1.05124	10.0	0.255005	0.717118	0.838443	11.0	0.242119	0.745235	0.776709	12.0	-0.0816572	0.641235	0.801416	13.0	-0.0698202	0.705648	0.482555	14.0	-0.0679259	0.720058	0.154546	15.0	-0.0491724	0.815299	0.0935561	16.0	0.0651168	0.622932	0.810369	17.0	0.127531	0.574027	0.494874	18.0	0.109269	0.345635	0.210076	19.0	0.127837	0.480266	0.171389	20.0	-0.0458305	0.598363	1.3393	21.0	-0.270582	0.604944	0.629971	22.0	-0.249915	0.642975	0.720078	23.0	0.238932	0.767529	0.719114	24.0	0.168261	0.691042	0.781437
23.142	0.0	-0.0253663	0.625952	0.805507	1.0	-0.0423027	0.625672	1.11467	2.0	-0.0537801	0.637379	1.41685	3.0	-0.0835477	0.657589	1.54936	4.0	-0.224621	0.668993	1.25893	5.0	-0.277176	0.622238	0.976549	6.0	-0.288447	0.644491	0.748487	7.0	-0.291624	0.657603	0.697401	8.0	0.118861	0.648229	1.29742	9.0	0.20921	0.660842	1.05219	10.0	0.253265	0.730348	0.833972	11.0	0.23901	0.75865	0.778989	12.0	-0.0832055	0.670431	0.801731	13.0	-0.0703977	0.713091	0.482139	14.0	-0.0661152	0.728254	0.152079	15.0	-0.0501176	0.819993	0.0880228	16.0	0.0646605	0.646089	0.814239	17.0	0.135171	0.629516	0.498049	18.0	0.114385	0.399788	0.214596	19.0	0.131881	0.534174	0.175514	20.0	-0.0519324	0.632317	1.34226	21.0	-0.281205	0.655173	0.635412	22.0	-0.255245	0.690217	0.73479	23.0	0.241773	0.763426	0.721	24.0	0.212631	0.790062	0.772557
23.175	0.0	-0.0278159	0.647641	0.810227	1.0	-0.0453505	0.649033	1.11726	2.0	-0.0569721	0.661375	1.41712	3.0	-0.0899543	0.684698	1.55061	4.0	-0.228377	0.701637	1.26293	5.0	-0.278455	0.668704	0.984677	6.0	-0.297734	0.696154	0.75763	7.0	-0.301345	0.703082	0.689054	8.0	0.117423	0.65864	1.29888	9.0	0.20492	0.672526	1.05142	10.0	0.24846	0.74679	0.834427	11.0	0.236049	0.771125	0.784763	12.0	-0.0851838	0.696073	0.805608	13.0	-0.0693678	0.72418	0.475037	14.0	-0.0673188	0.733988	0.151599	15.0	-0.0516616	0.824354	0.0863077	16.0	0.0621138	0.663916	0.819681	17.0	0.12906	0.68131	0.495652	18.0	0.111768	0.435678	0.226282	19.0	0.136059	0.569656	0.18717	20.0	-0.055146	0.656285	1.34313	21.0	-0.294926	0.698609	0.638489	22.0	-0.282113	0.686658	0.660946	23.0	0.224394	0.778827	0.71974	24.0	0.19438	0.778042	0.755001
23.208	0.0	-0.0336588	0.661409	0.816138	1.0	-0.0497204	0.661029	1.12205	2.0	-0.0599899	0.671811	1.42095	3.0	-0.0925329	0.69453	1.55531	4.0	-0.23438	0.706735	1.2639	5.0	-0.28607	0.679085	0.989077	6.0	-0.304999	0.71058	0.762325	7.0	-0.313499	0.728298	0.693957	8.0	0.113768	0.668982	1.30082	9.0	0.199933	0.682898	1.0543	10.0	0.246116	0.753104	0.836625	11.0	0.228136	0.775299	0.788328	12.0	-0.0905907	0.707135	0.809694	13.0	-0.0732843	0.733084	0.473076	14.0	-0.0682919	0.734794	0.148978	15.0	-0.0513585	0.826035	0.084445	16.0	0.056129	0.680228	0.827686	17.0	0.125456	0.721588	0.509816	18.0	0.106449	0.487464	0.229902	19.0	0.129293	0.621541	0.190991	20.0	-0.0584901	0.667082	1.34719	21.0	-0.304729	0.739072	0.642536	22.0	-0.278325	0.737527	0.647991	23.0	0.220592	0.778798	0.724067	24.0	0.199963	0.807423	0.778645
23.242	0.0	-0.0391234	0.68872	0.820249	1.0	-0.0556107	0.689563	1.12592	2.0	-0.0660238	0.701316	1.42444	3.0	-0.0948432	0.733444	1.56031	4.0	-0.237019	0.745871	1.26391	5.0	-0.290714	0.715526	1.00074	6.0	-0.319198	0.767004	0.778007	7.0	-0.319719	0.772137	0.704655	8.0	0.11016	0.692841	1.30492	9.0	0.197763	0.704391	1.04869	10.0	0.242612	0.77271	0.830273	11.0	0.230111	0.79581	0.779496	12.0	-0.096971	0.739761	0.812398	13.0	-0.0725944	0.742043	0.475401	14.0	-0.0713118	0.738674	0.149048	15.0	-0.0511892	0.827057	0.0821423	16.0	0.0518057	0.702132	0.832734	17.0	0.127375	0.778569	0.525017	18.0	0.11793	0.554159	0.235992	19.0	0.145358	0.687831	0.197091	20.0	-0.0645215	0.69637	1.35079	21.0	-0.312442	0.768611	0.648262	22.0	-0.300902	0.759779	0.667977	23.0	0.229038	0.799935	0.716943	24.0	0.218712	0.789467	0.770655
23.275	0.0	-0.0422389	0.705146	0.82572	1.0	-0.0582839	0.703149	1.12946	2.0	-0.0682696	0.712439	1.42637	3.0	-0.0971652	0.742628	1.56219	4.0	-0.238459	0.758149	1.26868	5.0	-0.292936	0.734853	0.999983	6.0	-0.315595	0.790065	0.777133	7.0	-0.326777	0.812549	0.709011	8.0	0.106801	0.704996	1.30809	9.0	0.196382	0.710608	1.05249	10.0	0.241228	0.781891	0.834847	11.0	0.229426	0.808375	0.783087	12.0	-0.0996572	0.754559	0.816837	13.0	-0.073104	0.755731	0.477266	14.0	-0.0719951	0.740164	0.151275	15.0	-0.0509693	0.826524	0.0826979	16.0	0.0485309	0.719666	0.839306	17.0	0.123359	0.8047	0.528502	18.0	0.113669	0.596398	0.226918	19.0	0.141375	0.730219	0.188406	20.0	-0.0668738	0.708076	1.3531	21.0	-0.319083	0.816925	0.658857	22.0	-0.315084	0.783826	0.673944	23.0	0.224296	0.815306	0.718358	24.0	0.194889	0.826204	0.787045
23.308	0.0	-0.0452889	0.715737	0.828934	1.0	-0.062073	0.713122	1.1318	2.0	-0.0726822	0.721617	1.42772	3.0	-0.100012	0.75484	1.56535	4.0	-0.245438	0.765834	1.27207	5.0	-0.297246	0.74923	1.0035	6.0	-0.326356	0.816449	0.784364	7.0	-0.334089	0.835319	0.724003	8.0	0.101575	0.717594	1.31034	9.0	0.192721	0.717016	1.05682	10.0	0.237983	0.787864	0.839105	11.0	0.22823	0.815763	0.788419	12.0	-0.102853	0.763939	0.819528	13.0	-0.0811855	0.764952	0.449331	14.0	-0.072107	0.740064	0.151234	15.0	-0.0531205	0.82681	0.0826187	16.0	0.0458425	0.731455	0.843072	17.0	0.120358	0.843624	0.537238	18.0	0.113079	0.656158	0.220565	19.0	0.139535	0.790216	0.182246	20.0	-0.0711433	0.717466	1.3547	21.0	-0.328145	0.842898	0.664008	22.0	-0.3166	0.820652	0.671844	23.0	0.226099	0.832589	0.714375	24.0	0.196418	0.844546	0.788048
23.342	0.0	-0.0413636	0.74991	0.83295	1.0	-0.0597904	0.750913	1.13464	2.0	-0.0721111	0.763011	1.429	3.0	-0.0982734	0.791029	1.56546	4.0	-0.234047	0.819718	1.27476	5.0	-0.293659	0.801158	1.01133	6.0	-0.31925	0.86435	0.790665	7.0	-0.324109	0.88338	0.733022	8.0	0.100185	0.741127	1.31173	9.0	0.190442	0.734128	1.06373	10.0	0.236609	0.803212	0.845721	11.0	0.234497	0.835548	0.790415	12.0	-0.0993094	0.807913	0.823078	13.0	-0.0790196	0.781008	0.442684	14.0	-0.0681571	0.745442	0.148465	15.0	-0.0540099	0.83039	0.078596	16.0	0.050153	0.756879	0.847295	17.0	0.11766	0.893388	0.549191	18.0	0.117648	0.722293	0.221977	19.0	0.115293	0.757257	0.133755	20.0	-0.070146	0.757973	1.35642	21.0	-0.319959	0.894061	0.669593	22.0	-0.309785	0.869118	0.683158	23.0	0.235892	0.857665	0.722997	24.0	0.188568	0.838119	0.807881
23.375	0.0	-0.0407983	0.753444	0.834489	1.0	-0.0602869	0.753558	1.13542	2.0	-0.0734494	0.765137	1.42927	3.0	-0.098636	0.794116	1.56724	4.0	-0.242638	0.817667	1.27656	5.0	-0.295106	0.80242	1.01395	6.0	-0.335929	0.877257	0.799312	7.0	-0.336808	0.903384	0.723972	8.0	0.0989956	0.749874	1.31072	9.0	0.189614	0.740039	1.06768	10.0	0.236737	0.809003	0.849905	11.0	0.233619	0.842915	0.793471	12.0	-0.0991514	0.808364	0.823392	13.0	-0.0873186	0.789534	0.447669	14.0	-0.0673855	0.745738	0.148631	15.0	-0.0507758	0.828891	0.0775272	16.0	0.0514069	0.765438	0.85085	17.0	0.120408	0.915984	0.555011	18.0	0.120077	0.776284	0.218003	19.0	0.101453	0.817418	0.136274	20.0	-0.0712727	0.760197	1.3568	21.0	-0.322796	0.916083	0.672308	22.0	-0.316597	0.908559	0.681255	23.0	0.243546	0.857813	0.723113	24.0	0.193081	0.824626	0.830172
23.408	0.0	-0.0575187	0.778287	0.837052	1.0	-0.0677348	0.770995	1.13698	2.0	-0.0747124	0.776671	1.43002	3.0	-0.100311	0.804944	1.56829	4.0	-0.246265	0.821767	1.27896	5.0	-0.295965	0.810983	1.01656	6.0	-0.324022	0.897511	0.803452	7.0	-0.330062	0.916707	0.740126	8.0	0.0967254	0.764136	1.31146	9.0	0.188931	0.751062	1.0655	10.0	0.237237	0.814418	0.846601	11.0	0.239915	0.847001	0.789288	12.0	-0.114084	0.827446	0.82865	13.0	-0.0991498	0.798851	0.44816	14.0	-0.0611268	0.751929	0.147331	15.0	-0.0528264	0.831992	0.0746672	16.0	0.0343209	0.792338	0.84967	17.0	0.112724	0.946731	0.548744	18.0	0.1123	0.833334	0.218391	19.0	0.0803873	0.883814	0.127641	20.0	-0.0738356	0.773034	1.35772	21.0	-0.319246	0.932976	0.675686	22.0	-0.310751	0.917172	0.685872	23.0	0.244727	0.870423	0.720351	24.0	0.192293	0.850584	0.804306
23.442	0.0	-0.060039	0.786624	0.838722	1.0	-0.0719228	0.782529	1.13831	2.0	-0.0788113	0.789424	1.43054	3.0	-0.101917	0.816766	1.57076	4.0	-0.249964	0.831799	1.28063	5.0	-0.300796	0.825954	1.01561	6.0	-0.324483	0.90207	0.798457	7.0	-0.326558	0.93222	0.742002	8.0	0.0947048	0.77623	1.31251	9.0	0.186801	0.760086	1.06631	10.0	0.235982	0.82101	0.847055	11.0	0.243669	0.85468	0.785572	12.0	-0.117933	0.836867	0.831866	13.0	-0.108951	0.818207	0.460145	14.0	-0.0687519	0.755756	0.149861	15.0	-0.0508794	0.837879	0.0779656	16.0	0.0326562	0.799983	0.850189	17.0	0.103021	0.978788	0.550897	18.0	0.113642	0.890256	0.20942	19.0	0.132063	0.970439	0.136043	20.0	-0.0781397	0.785723	1.35848	21.0	-0.318953	0.947384	0.677269	22.0	-0.306913	0.929934	0.685328	23.0	0.236318	0.867959	0.710989	24.0	0.203038	0.856969	0.807504
23.475	0.0	-0.0623751	0.796051	0.843042	1.0	-0.0731347	0.792351	1.14139	2.0	-0.078366	0.799823	1.43249	3.0	-0.10255	0.82334	1.57268	4.0	-0.255937	0.836014	1.28494	5.0	-0.304896	0.835659	1.01443	6.0	-0.324827	0.906772	0.795348	7.0	-0.327832	0.934735	0.742038	8.0	0.0923367	0.79083	1.31122	9.0	0.186787	0.774142	1.06254	10.0	0.239433	0.832127	0.843372	11.0	0.241026	0.859968	0.782029	12.0	-0.121054	0.844133	0.838084	13.0	-0.121233	0.819738	0.467168	14.0	-0.0832578	0.758498	0.14463	15.0	-0.0631329	0.840325	0.0725451	16.0	0.0310859	0.812163	0.852526	17.0	0.103078	1.01997	0.571159	18.0	0.112152	0.954819	0.219821	19.0	0.133012	1.02689	0.142201	20.0	-0.078149	0.795925	1.36071	21.0	-0.314227	0.959323	0.676657	22.0	-0.29912	0.93674	0.686419	23.0	0.246065	0.880264	0.714764	24.0	0.188599	0.867307	0.828345
23.508	0.0	-0.0496193	0.847856	0.84969	1.0	-0.0640483	0.839812	1.14385	2.0	-0.0725239	0.839793	1.43096	3.0	-0.0926638	0.875343	1.57181	4.0	-0.242617	0.892554	1.2819	5.0	-0.293756	0.887233	1.01492	6.0	-0.309023	0.952541	0.793821	7.0	-0.308833	0.965298	0.739713	8.0	0.0962657	0.818644	1.31101	9.0	0.188162	0.813182	1.06367	10.0	0.242656	0.856019	0.842156	11.0	0.246406	0.878292	0.780046	12.0	-0.107665	0.902553	0.847211	13.0	-0.126959	0.850446	0.484867	14.0	-0.0895969	0.771539	0.146836	15.0	-0.0540494	0.911269	0.086926	16.0	0.042395	0.852591	0.856244	17.0	0.10266	1.07043	0.581332	18.0	0.116193	1.01193	0.235556	19.0	0.132227	1.08697	0.159179	20.0	-0.0715873	0.837732	1.36012	21.0	-0.296073	0.980658	0.672893	22.0	-0.285846	0.96527	0.676177	23.0	0.240334	0.87829	0.707779	24.0	0.229627	0.924918	0.761794
23.542	0.0	-0.0508119	0.848812	0.850395	1.0	-0.0648763	0.840927	1.14417	2.0	-0.0731896	0.842222	1.43089	3.0	-0.0934886	0.875568	1.57313	4.0	-0.244386	0.892224	1.28217	5.0	-0.294746	0.885919	1.01339	6.0	-0.309372	0.952064	0.792468	7.0	-0.311194	0.963968	0.719223	8.0	0.0954519	0.826603	1.31057	9.0	0.186635	0.81551	1.06087	10.0	0.241847	0.858805	0.839617	11.0	0.239802	0.875266	0.774745	12.0	-0.109018	0.902861	0.848164	13.0	-0.135969	0.849296	0.477066	14.0	-0.102633	0.773299	0.136952	15.0	-0.0142499	0.913458	0.150858	16.0	0.0411696	0.855922	0.856996	17.0	0.100321	1.08076	0.581948	18.0	0.1157	1.02893	0.234669	19.0	0.128771	1.11913	0.16361	20.0	-0.0722995	0.839784	1.36018	21.0	-0.299457	0.981462	0.66312	22.0	-0.276759	0.961513	0.683222	23.0	0.238589	0.892542	0.701796	24.0	0.218314	0.911954	0.780162
23.575	0.0	-0.0365002	0.890937	0.844702	1.0	-0.0534813	0.879939	1.14079	2.0	-0.0635571	0.881302	1.42918	3.0	-0.0834159	0.902315	1.56982	4.0	-0.226452	0.946142	1.26891	5.0	-0.285722	0.912321	1.01145	6.0	-0.298875	0.971112	0.788678	7.0	-0.290127	0.991211	0.719964	8.0	0.101992	0.863651	1.30864	9.0	0.190269	0.850299	1.0553	10.0	0.241569	0.879687	0.831586	11.0	0.242343	0.896443	0.773878	12.0	-0.0935071	0.950168	0.842174	13.0	-0.152235	0.877961	0.480146	14.0	-0.123585	0.80006	0.12311	15.0	-0.0332891	0.938823	0.142187	16.0	0.0562912	0.896642	0.851568	17.0	0.0970647	1.12712	0.575532	18.0	0.117256	1.09975	0.234462	19.0	0.122689	1.18299	0.162239	20.0	-0.0621683	0.879072	1.3581	21.0	-0.283795	0.988994	0.671075	22.0	-0.270562	0.971091	0.683881	23.0	0.243598	0.896953	0.701946	24.0	0.218987	0.925942	0.771914
23.608	0.0	-0.0430932	0.895582	0.844504	1.0	-0.0558392	0.884028	1.14064	2.0	-0.0634031	0.885013	1.42911	3.0	-0.0842763	0.91371	1.57431	4.0	-0.233868	0.943546	1.27275	5.0	-0.286603	0.915892	1.0093	6.0	-0.297963	0.972091	0.785846	7.0	-0.288298	0.991225	0.713919	8.0	0.101522	0.871862	1.30711	9.0	0.188314	0.854963	1.05445	10.0	0.239895	0.887571	0.831111	11.0	0.240353	0.909235	0.770752	12.0	-0.100787	0.950684	0.842519	13.0	-0.164888	0.878913	0.481611	14.0	-0.136729	0.799289	0.120249	15.0	-0.0473681	0.938936	0.138679	16.0	0.0493361	0.906253	0.850777	17.0	0.0942197	1.13547	0.564903	18.0	0.104351	1.12545	0.226068	19.0	0.121336	1.20408	0.15198	20.0	-0.0625792	0.882713	1.35802	21.0	-0.276252	1.00512	0.658521	22.0	-0.258397	0.982888	0.67417	23.0	0.242549	0.918923	0.696775	24.0	0.227012	0.955225	0.769854
23.642	0.0	-0.0468841	0.906033	0.842588	1.0	-0.0576607	0.898014	1.13885	2.0	-0.062046	0.901693	1.42766	3.0	-0.0827581	0.926579	1.57391	4.0	-0.234428	0.948903	1.2718	5.0	-0.287683	0.925824	1.00735	6.0	-0.290486	0.979786	0.782946	7.0	-0.287856	0.996284	0.728135	8.0	0.102913	0.887654	1.30493	9.0	0.186756	0.870008	1.05058	10.0	0.236938	0.89998	0.826727	11.0	0.23565	0.920267	0.7655	12.0	-0.104097	0.957236	0.841682	13.0	-0.167594	0.887064	0.480156	14.0	-0.139606	0.806982	0.117863	15.0	-0.0514395	0.94766	0.135233	16.0	0.0460825	0.918412	0.847992	17.0	0.0915675	1.15415	0.547578	18.0	0.0999714	1.16047	0.208566	19.0	0.118582	1.25664	0.147902	20.0	-0.062115	0.898716	1.35648	21.0	-0.272587	1.00129	0.659564	22.0	-0.260128	0.990264	0.665999	23.0	0.232674	0.929073	0.691315	24.0	0.205858	0.95065	0.73237
23.675	0.0	-0.0511354	0.935022	0.839322	1.0	-0.0591169	0.923044	1.13573	2.0	-0.0611535	0.922174	1.4247	3.0	-0.0785618	0.950717	1.57158	4.0	-0.238587	0.959384	1.27722	5.0	-0.288628	0.939621	1.00318	6.0	-0.288285	0.99138	0.778228	7.0	-0.284735	1.00686	0.726848	8.0	0.103738	0.911771	1.29918	9.0	0.186006	0.891228	1.04398	10.0	0.239352	0.922491	0.820873	11.0	0.235489	0.943116	0.759083	12.0	-0.108432	0.980534	0.839575	13.0	-0.164941	0.915365	0.475018	14.0	-0.028	0.776797	0.153174	15.0	0.0275467	0.933003	0.155368	16.0	0.0423528	0.952023	0.843739	17.0	0.0894687	1.1849	0.51676	18.0	0.0983716	1.18214	0.20199	19.0	0.118683	1.27827	0.139494	20.0	-0.061756	0.920371	1.35348	21.0	-0.268398	1.0075	0.655944	22.0	-0.255297	0.992489	0.665964	23.0	0.230801	0.946499	0.686444	24.0	0.221278	0.995904	0.763798
23.708	0.0	-0.0451057	0.96134	0.833123	1.0	-0.0532992	0.953676	1.1294	2.0	-0.0552555	0.957186	1.41816	3.0	-0.0706494	0.976424	1.56494	4.0	-0.220666	1.00709	1.2749	5.0	-0.278063	0.977407	1.00574	6.0	-0.280225	1.00885	0.777947	7.0	-0.273363	1.0301	0.722879	8.0	0.107332	0.93565	1.29558	9.0	0.187848	0.917507	1.0376	10.0	0.240336	0.944277	0.813899	11.0	0.235592	0.965338	0.75168	12.0	-0.102253	1.01727	0.833125	13.0	-0.0844139	0.998271	0.450345	14.0	-0.028354	0.781105	0.154013	15.0	0.0259344	0.937717	0.155173	16.0	0.0479756	0.969564	0.838242	17.0	0.0889207	1.19647	0.50652	18.0	0.104696	1.22926	0.180563	19.0	0.121642	1.32285	0.118195	20.0	-0.0559119	0.954318	1.347	21.0	-0.263516	1.02334	0.651198	22.0	-0.268137	1.02139	0.668609	23.0	0.229963	0.96315	0.678698	24.0	0.220394	1.01216	0.747736
23.742	0.0	-0.0535941	0.966318	0.830132	1.0	-0.0565056	0.95733	1.12816	2.0	-0.0555834	0.960063	1.41785	3.0	-0.0721809	0.986465	1.56242	4.0	-0.235964	0.999746	1.27292	5.0	-0.282205	0.976412	1.00232	6.0	-0.283343	1.01422	0.775195	7.0	-0.284449	1.02747	0.71773	8.0	0.107178	0.949112	1.2892	9.0	0.187549	0.923293	1.03661	10.0	0.23525	0.957293	0.812582	11.0	0.230785	0.975129	0.745701	12.0	-0.108891	1.01755	0.831998	13.0	-0.165073	0.950034	0.46815	14.0	-0.0254422	0.776183	0.166325	15.0	0.0255326	0.9331	0.158933	16.0	0.0369496	0.980679	0.832351	17.0	0.0853905	1.20447	0.495943	18.0	0.101809	1.23898	0.166116	19.0	0.120958	1.36386	0.102603	20.0	-0.0568052	0.957279	1.34651	21.0	-0.264841	1.02839	0.644982	22.0	-0.297674	1.05414	0.716308	23.0	0.225638	0.978527	0.674065	24.0	0.218975	1.02194	0.751709
23.775	0.0	-0.0511876	0.991656	0.820405	1.0	-0.0565527	0.981392	1.12209	2.0	-0.0561048	0.982201	1.41554	3.0	-0.0703222	1.00169	1.55825	4.0	-0.239894	1.00498	1.27309	5.0	-0.286332	0.983242	0.998813	6.0	-0.285751	1.02837	0.772663	7.0	-0.282185	1.04646	0.711617	8.0	0.109468	0.975741	1.28363	9.0	0.189386	0.949675	1.03205	10.0	0.237967	0.978892	0.806206	11.0	0.23485	1.00216	0.738522	12.0	-0.105533	1.03854	0.816648	13.0	-0.0302406	1.06098	0.433926	14.0	-0.034511	0.777199	0.199717	15.0	0.015424	0.932823	0.181663	16.0	0.0393278	1.0071	0.829594	17.0	0.0835346	1.21518	0.48441	18.0	0.101496	1.27608	0.15008	19.0	0.121026	1.38385	0.0969972	20.0	-0.057334	0.980018	1.34328	21.0	-0.260723	1.05236	0.6442	22.0	-0.292355	1.07016	0.685221	23.0	0.224982	1.01375	0.665558	24.0	0.217485	1.04531	0.733537
23.808	0.0	-0.0428258	1.02809	0.811941	1.0	-0.0465437	1.01563	1.11581	2.0	-0.0439737	1.01442	1.41163	3.0	-0.064854	1.04219	1.55429	4.0	-0.227157	1.0571	1.26468	5.0	-0.283314	1.02416	0.989409	6.0	-0.280318	1.06258	0.76222	7.0	-0.27864	1.07439	0.713427	8.0	0.113999	1.00143	1.27935	9.0	0.192701	0.981416	1.02269	10.0	0.239343	1.00713	0.797679	11.0	0.23606	1.02289	0.735236	12.0	-0.0962797	1.08047	0.805787	13.0	-0.022587	1.08549	0.423929	14.0	-0.0331493	0.795671	0.198015	15.0	0.0137063	0.952272	0.180494	16.0	0.0473342	1.0379	0.823522	17.0	0.0823067	1.23136	0.470793	18.0	0.0995964	1.28998	0.147672	19.0	0.119653	1.41586	0.08474	20.0	-0.0457728	1.01271	1.33877	21.0	-0.256623	1.07726	0.64328	22.0	-0.274423	1.10764	0.663204	23.0	0.234899	1.02734	0.664404	24.0	0.220815	1.06948	0.731657
23.842	0.0	-0.0393996	1.04463	0.809573	1.0	-0.0441082	1.03372	1.11263	2.0	-0.0424735	1.03389	1.40769	3.0	-0.0615885	1.05994	1.5517	4.0	-0.228857	1.0651	1.26513	5.0	-0.280494	1.03978	0.989176	6.0	-0.279309	1.08202	0.762498	7.0	-0.27653	1.0992	0.711799	8.0	0.118794	1.02762	1.27677	9.0	0.19349	1.00374	1.02228	10.0	0.240981	1.02737	0.795763	11.0	0.239299	1.04597	0.731347	12.0	-0.0933088	1.09309	0.802739	13.0	-0.0170234	1.10031	0.421086	14.0	-0.0350635	0.802156	0.207506	15.0	0.012244	0.958261	0.187618	16.0	0.0514124	1.05851	0.82235	17.0	0.081338	1.24338	0.46565	18.0	0.0950821	1.30381	0.141313	19.0	0.115631	1.41942	0.0830745	20.0	-0.0440436	1.03187	1.33501	21.0	-0.257071	1.10146	0.643554	22.0	-0.271021	1.13289	0.666454	23.0	0.235905	1.04637	0.660298	24.0	0.220011	1.08588	0.724362
23.875	0.0	-0.0340977	1.07708	0.80604	1.0	-0.040342	1.06331	1.11038	2.0	-0.0399355	1.06065	1.4066	3.0	-0.0562575	1.08229	1.55045	4.0	-0.222601	1.0971	1.26317	5.0	-0.278511	1.06951	0.986476	6.0	-0.279479	1.10999	0.759579	7.0	-0.276623	1.12411	0.70473	8.0	0.124521	1.05649	1.27421	9.0	0.200549	1.03254	1.0214	10.0	0.247632	1.05749	0.795932	11.0	0.244403	1.07422	0.730918	12.0	-0.0879065	1.12625	0.799395	13.0	0.0724557	1.27102	0.524785	14.0	0.0151641	0.989213	0.296736	15.0	0.0581264	1.13277	0.241314	16.0	0.0568343	1.08923	0.818694	17.0	0.0810269	1.25415	0.460589	18.0	0.0925	1.3104	0.138445	19.0	0.112572	1.41898	0.0830578	20.0	-0.0412273	1.05932	1.33364	21.0	-0.25387	1.12787	0.635926	22.0	-0.283293	1.15321	0.691417	23.0	0.235882	1.08478	0.655185	24.0	0.226909	1.12178	0.721614
23.908	0.0	-0.00996084	1.12284	0.801752	1.0	-0.0220654	1.1086	1.10602	2.0	-0.0277349	1.1039	1.40229	3.0	-0.0430715	1.12826	1.54592	4.0	-0.200418	1.15362	1.2551	5.0	-0.263214	1.1235	0.986597	6.0	-0.271332	1.15322	0.758794	7.0	-0.269555	1.15806	0.69907	8.0	0.135313	1.09522	1.27019	9.0	0.213554	1.07975	1.01071	10.0	0.26131	1.10305	0.785599	11.0	0.253238	1.1094	0.725167	12.0	-0.0640587	1.17459	0.793125	13.0	0.0907137	1.29422	0.450099	14.0	0.0109441	0.996101	0.253744	15.0	0.0559635	1.14374	0.207655	16.0	0.0813811	1.13261	0.816536	17.0	0.0843367	1.28726	0.465839	18.0	0.0875929	1.32287	0.138001	19.0	0.104302	1.42169	0.0805834	20.0	-0.0275707	1.10307	1.32933	21.0	-0.25413	1.15182	0.631473	22.0	-0.271514	1.14945	0.657271	23.0	0.251335	1.10693	0.655709	24.0	0.227931	1.14101	0.713429
23.942	0.0	-0.0186598	1.1396	0.801734	1.0	-0.0249949	1.12095	1.10619	2.0	-0.0264105	1.1147	1.40252	3.0	-0.0434189	1.13406	1.54586	4.0	-0.203157	1.15505	1.25567	5.0	-0.266044	1.1278	0.98677	6.0	-0.274939	1.16063	0.759286	7.0	-0.26936	1.17711	0.699363	8.0	0.138848	1.11436	1.26995	9.0	0.215303	1.09442	1.01245	10.0	0.263654	1.11805	0.787416	11.0	0.258273	1.13557	0.724356	12.0	-0.0712085	1.18501	0.793948	13.0	0.0872012	1.30026	0.453065	14.0	0.00913477	1.00459	0.252154	15.0	0.0538874	1.15135	0.203873	16.0	0.0714819	1.15727	0.815324	17.0	0.0829736	1.29418	0.467274	18.0	0.0843883	1.32179	0.138208	19.0	0.0947892	1.41585	0.0770544	20.0	-0.0272275	1.11416	1.32954	21.0	-0.262748	1.17693	0.633484	22.0	-0.295382	1.19913	0.695973	23.0	0.249772	1.1366	0.65313	24.0	0.23532	1.16782	0.735104
23.975	0.0	-0.00893578	1.19566	0.804592	1.0	-0.0137091	1.17451	1.10819	2.0	-0.0118587	1.1644	1.40343	3.0	-0.0337338	1.18268	1.54708	4.0	-0.197023	1.19597	1.25989	5.0	-0.262852	1.1767	0.96818	6.0	-0.271425	1.21559	0.741441	7.0	-0.272869	1.21195	0.699719	8.0	0.151613	1.16441	1.27317	9.0	0.234104	1.15068	1.0056	10.0	0.274141	1.17403	0.779093	11.0	0.270605	1.1781	0.723369	12.0	-0.0614589	1.24435	0.797409	13.0	0.0859087	1.32819	0.464759	14.0	0.0100672	1.03264	0.262639	15.0	0.0560134	1.17579	0.207819	16.0	0.081758	1.20801	0.818002	17.0	0.0878222	1.32096	0.476713	18.0	0.0829988	1.32193	0.138567	19.0	0.094658	1.41538	0.0766307	20.0	-0.0135127	1.16496	1.33075	21.0	-0.259047	1.2062	0.630365	22.0	-0.279512	1.24307	0.685786	23.0	0.264342	1.17193	0.653006	24.0	0.249128	1.2139	0.693834
24.008	0.0	-0.00857508	1.20677	0.804428	1.0	-0.013516	1.18592	1.1094	2.0	-0.0118028	1.17624	1.40602	3.0	-0.0315082	1.19649	1.55101	4.0	-0.19626	1.20912	1.26097	5.0	-0.26026	1.19063	0.977936	6.0	-0.270938	1.2231	0.750568	7.0	-0.270436	1.2379	0.701852	8.0	0.154991	1.1802	1.27253	9.0	0.237272	1.16681	1.00881	10.0	0.28194	1.1916	0.783119	11.0	0.277327	1.20674	0.724223	12.0	-0.0612651	1.2533	0.797752	13.0	0.0892833	1.33514	0.468711	14.0	0.0105542	1.03936	0.268143	15.0	0.0560564	1.18133	0.210723	16.0	0.0824642	1.22144	0.817251	17.0	0.0877388	1.32945	0.478242	18.0	0.0813173	1.32226	0.137313	19.0	0.0921553	1.41357	0.0734832	20.0	-0.0134266	1.17668	1.33299	21.0	-0.257647	1.23703	0.628394	22.0	-0.292503	1.2628	0.707035	23.0	0.264062	1.20724	0.651594	24.0	0.252229	1.24561	0.709999
24.042	0.0	-0.0139424	1.25546	0.803343	1.0	-0.0125336	1.23339	1.11206	2.0	-0.004472	1.22323	1.41214	3.0	-0.026817	1.23644	1.55739	4.0	-0.184248	1.2643	1.26194	5.0	-0.24903	1.23592	0.983933	6.0	-0.260789	1.26213	0.756067	7.0	-0.253337	1.27709	0.701238	8.0	0.164338	1.22278	1.2772	9.0	0.244381	1.21516	1.01215	10.0	0.293052	1.24427	0.787443	11.0	0.286424	1.25293	0.725962	12.0	-0.066455	1.30115	0.798149	13.0	0.0936683	1.34918	0.471333	14.0	0.00471869	1.05926	0.266643	15.0	0.0534003	1.19891	0.206685	16.0	0.0776347	1.27005	0.814909	17.0	0.0921455	1.34388	0.47359	18.0	0.0800289	1.32507	0.133542	19.0	0.0935083	1.41645	0.0695113	20.0	-0.00770097	1.22373	1.33828	21.0	-0.244786	1.28701	0.635995	22.0	-0.265083	1.29261	0.678964	23.0	0.282729	1.25595	0.659175	24.0	0.290487	1.29549	0.714883
24.075	0.0	-0.0148543	1.27027	0.804476	1.0	-0.0118823	1.25158	1.11404	2.0	-0.00192846	1.24422	1.41497	3.0	-0.0217485	1.26239	1.56324	4.0	-0.18291	1.28489	1.2651	5.0	-0.246356	1.2573	0.984323	6.0	-0.254693	1.28904	0.756656	7.0	-0.253474	1.3063	0.703919	8.0	0.16594	1.24445	1.27948	9.0	0.248632	1.23987	1.01347	10.0	0.299002	1.28038	0.790318	11.0	0.294475	1.29459	0.731058	12.0	-0.067838	1.31731	0.800855	13.0	-0.121446	1.30321	0.495118	14.0	-0.0795573	1.02309	0.256774	15.0	-0.00786379	1.16056	0.208183	16.0	0.0773368	1.28377	0.814617	17.0	0.0953774	1.35472	0.472649	18.0	0.0806693	1.32637	0.134466	19.0	0.0940516	1.41598	0.0688515	20.0	-0.00564631	1.24409	1.34092	21.0	-0.236513	1.31571	0.640114	22.0	-0.233549	1.28098	0.679411	23.0	0.281381	1.29365	0.657823	24.0	0.272238	1.33561	0.723841
24.108	0.0	-0.0192366	1.28993	0.806592	1.0	-0.0130343	1.272	1.11768	2.0	0.000125461	1.26563	1.4201	3.0	-0.0211233	1.28905	1.56682	4.0	-0.18439	1.30382	1.2681	5.0	-0.243861	1.27789	0.985108	6.0	-0.250193	1.3208	0.758667	7.0	-0.247346	1.33905	0.707554	8.0	0.16881	1.27408	1.28374	9.0	0.251837	1.27331	1.02518	10.0	0.303336	1.31655	0.802557	11.0	0.300866	1.33712	0.736799	12.0	-0.071205	1.3332	0.804401	13.0	-0.106815	1.34145	0.49644	14.0	-0.11972	1.2134	0.255713	15.0	-0.0602785	1.36953	0.262036	16.0	0.0722163	1.30728	0.814852	17.0	0.0950917	1.35885	0.473583	18.0	0.0812249	1.32639	0.134312	19.0	0.0933081	1.4151	0.0680064	20.0	-0.00439969	1.26523	1.34568	21.0	-0.227608	1.36193	0.645176	22.0	-0.226619	1.32515	0.687158	23.0	0.2964	1.34582	0.672052	24.0	0.266812	1.36508	0.734604
24.142	0.0	-0.0237135	1.30313	0.809545	1.0	-0.0164481	1.28958	1.12219	2.0	-0.0018921	1.28781	1.42623	3.0	-0.0214953	1.30769	1.5719	4.0	-0.190302	1.31354	1.27327	5.0	-0.245928	1.29306	0.987983	6.0	-0.249232	1.33697	0.76144	7.0	-0.247493	1.36086	0.72869	8.0	0.166661	1.29888	1.28945	9.0	0.252221	1.29366	1.0352	10.0	0.306112	1.35533	0.815691	11.0	0.305795	1.37868	0.74734	12.0	-0.0746634	1.34289	0.807982	13.0	-0.103574	1.3534	0.478915	14.0	-0.119287	1.22293	0.239971	15.0	-0.0599281	1.37914	0.249561	16.0	0.0669907	1.32393	0.816984	17.0	0.0831282	1.36576	0.469635	18.0	0.0807871	1.32608	0.134969	19.0	0.0941662	1.41168	0.066198	20.0	-0.00679348	1.28625	1.35141	21.0	-0.226166	1.3817	0.656279	22.0	-0.226629	1.34913	0.711577	23.0	0.304609	1.38928	0.684711	24.0	0.273084	1.4196	0.720453
24.175	0.0	-0.0203362	1.34381	0.811515	1.0	-0.0119276	1.33495	1.12554	2.0	0.00343147	1.33655	1.43053	3.0	-0.0218997	1.36043	1.57977	4.0	-0.180132	1.37238	1.2789	5.0	-0.232736	1.34379	0.987328	6.0	-0.234626	1.3943	0.761737	7.0	-0.23353	1.40138	0.736087	8.0	0.168823	1.32958	1.29432	9.0	0.257243	1.34723	1.04818	10.0	0.305749	1.3989	0.821849	11.0	0.314622	1.43317	0.758381	12.0	-0.0711856	1.39014	0.812441	13.0	-0.0860704	1.40456	0.471202	14.0	-0.111577	1.19825	0.223431	15.0	-0.12439	1.21294	0.103508	16.0	0.0707419	1.35731	0.817177	17.0	0.0781788	1.37166	0.463299	18.0	0.0805017	1.32632	0.13555	19.0	0.0943956	1.41147	0.0663231	20.0	-0.00164088	1.33427	1.35553	21.0	-0.217246	1.41635	0.662536	22.0	-0.19428	1.41279	0.730398	23.0	0.304433	1.44519	0.692492	24.0	0.285814	1.46233	0.75177
24.208	0.0	-0.0251071	1.34931	0.81443	1.0	-0.0146871	1.33949	1.12725	2.0	0.00211244	1.34064	1.43135	3.0	-0.0236102	1.36463	1.58033	4.0	-0.18682	1.37045	1.28347	5.0	-0.238763	1.34391	0.987815	6.0	-0.244826	1.39777	0.763076	7.0	-0.242002	1.41801	0.72675	8.0	0.167749	1.34691	1.29668	9.0	0.256126	1.35319	1.04913	10.0	0.306224	1.43253	0.834015	11.0	0.308204	1.46986	0.766286	12.0	-0.0760506	1.39126	0.815175	13.0	-0.0866385	1.41918	0.473041	14.0	-0.0902989	1.26332	0.134498	15.0	-0.116348	1.28552	0.0573362	16.0	0.0657624	1.37029	0.82054	17.0	0.0733738	1.37318	0.453157	18.0	0.078913	1.32428	0.136064	19.0	0.0932502	1.40902	0.0664614	20.0	-0.00328062	1.33842	1.35655	21.0	-0.22223	1.43935	0.662968	22.0	-0.196092	1.43964	0.713851	23.0	0.306683	1.4905	0.705036	24.0	0.29063	1.50045	0.770165
24.242	0.0	-0.0382806	1.38737	0.811933	1.0	-0.0214649	1.38047	1.12658	2.0	0.00258614	1.38587	1.43217	3.0	-0.027855	1.41797	1.58003	4.0	-0.189179	1.42143	1.27835	5.0	-0.233744	1.38791	0.983779	6.0	-0.239018	1.44502	0.759631	7.0	-0.230924	1.45437	0.744383	8.0	0.166753	1.38402	1.29823	9.0	0.260011	1.40508	1.06151	10.0	0.304751	1.48789	0.844907	11.0	0.314287	1.52466	0.77772	12.0	-0.0904369	1.43004	0.8158	13.0	-0.0762272	1.47458	0.471314	14.0	-0.0854692	1.323	0.13052	15.0	-0.106822	1.37138	0.0537417	16.0	0.0558116	1.40178	0.815026	17.0	0.0812445	1.37757	0.447851	18.0	0.078805	1.32593	0.1351	19.0	0.0931324	1.40996	0.0648825	20.0	-0.00473032	1.38247	1.35703	21.0	-0.21141	1.48043	0.66565	22.0	-0.183461	1.48882	0.740367	23.0	0.304301	1.54443	0.71569	24.0	0.266951	1.50577	0.741529
24.275	0.0	-0.0376388	1.39998	0.810856	1.0	-0.0210733	1.39574	1.12679	2.0	0.0026037	1.40262	1.43369	3.0	-0.0304257	1.43135	1.5805	4.0	-0.189382	1.43135	1.27889	5.0	-0.235407	1.40114	0.978062	6.0	-0.240635	1.45254	0.752761	7.0	-0.236207	1.47136	0.753496	8.0	0.165525	1.40359	1.29747	9.0	0.258874	1.42112	1.06824	10.0	0.3053	1.5266	0.852617	11.0	0.310953	1.56827	0.783647	12.0	-0.0895155	1.44192	0.814657	13.0	-0.0770906	1.50774	0.465316	14.0	-0.083695	1.40931	0.128898	15.0	-0.0947908	1.47928	0.0565484	16.0	0.056027	1.417	0.813691	17.0	0.090912	1.38504	0.440602	18.0	0.078098	1.32698	0.13525	19.0	0.0932942	1.41112	0.0649739	20.0	-0.00459148	1.39898	1.35824	21.0	-0.220517	1.49916	0.665952	22.0	-0.177782	1.50563	0.756867	23.0	0.303698	1.58499	0.726079	24.0	0.338343	1.56077	0.743071
24.308	0.0	-0.0440622	1.41613	0.808827	1.0	-0.0266905	1.41625	1.12489	2.0	-0.00184292	1.428	1.43179	3.0	-0.0392405	1.46011	1.5764	4.0	-0.198621	1.44453	1.2758	5.0	-0.241092	1.41651	0.98137	6.0	-0.250121	1.47576	0.757968	7.0	-0.242172	1.49787	0.717429	8.0	0.159581	1.42954	1.29438	9.0	0.256302	1.44918	1.07655	10.0	0.297483	1.55195	0.852519	11.0	0.302817	1.60707	0.786782	12.0	-0.0954863	1.45683	0.813019	13.0	-0.0817074	1.53912	0.459457	14.0	-0.0910584	1.49943	0.131232	15.0	-0.100101	1.58508	0.0691061	16.0	0.0493207	1.43408	0.811212	17.0	0.092848	1.38863	0.438866	18.0	0.0775195	1.32745	0.135283	19.0	0.093057	1.41136	0.0648235	20.0	-0.00936049	1.42309	1.35635	21.0	-0.229051	1.51351	0.654356	22.0	-0.193747	1.5214	0.738127	23.0	0.292924	1.63205	0.731823	24.0	0.252534	1.58485	0.760681
24.342	0.0	-0.0529822	1.4395	0.803822	1.0	-0.0340263	1.44262	1.11993	2.0	-0.00743556	1.45669	1.42686	3.0	-0.0459091	1.48419	1.57722	4.0	-0.206714	1.47172	1.27797	5.0	-0.246574	1.44779	0.980225	6.0	-0.253546	1.48505	0.752945	7.0	-0.250549	1.51238	0.714463	8.0	0.154927	1.45352	1.28989	9.0	0.253782	1.47194	1.07504	10.0	0.291877	1.59531	0.856209	11.0	0.295209	1.64168	0.789379	12.0	-0.104862	1.47694	0.808903	13.0	-0.088207	1.57457	0.426067	14.0	-0.094894	1.58787	0.1281	15.0	-0.0959963	1.69226	0.0783602	16.0	0.0413853	1.46058	0.805372	17.0	0.0933142	1.39668	0.43147	18.0	0.0776307	1.3286	0.135639	19.0	0.0928181	1.41011	0.0636175	20.0	-0.0154049	1.45129	1.35142	21.0	-0.245361	1.51981	0.649042	22.0	-0.201585	1.54192	0.719285	23.0	0.28594	1.66955	0.733717	24.0	0.240001	1.62687	0.758794
24.375	0.0	-0.0420816	1.45089	0.794859	1.0	-0.0275104	1.45653	1.11483	2.0	-0.00460974	1.47467	1.4249	3.0	-0.0464406	1.49716	1.57328	4.0	-0.204494	1.4899	1.27734	5.0	-0.249007	1.45152	0.977315	6.0	-0.25606	1.4865	0.749863	7.0	-0.264669	1.51224	0.701195	8.0	0.144913	1.4845	1.28058	9.0	0.258415	1.49733	1.07253	10.0	0.286874	1.62706	0.850149	11.0	0.284024	1.67398	0.786495	12.0	-0.0844528	1.49416	0.796746	13.0	-0.0973796	1.59227	0.415964	14.0	-0.110074	1.65348	0.142873	15.0	-0.0867413	1.77753	0.0941577	16.0	0.0455604	1.4673	0.799426	17.0	0.0943973	1.39917	0.427208	18.0	0.0780546	1.32981	0.135397	19.0	0.0930403	1.41087	0.0631089	20.0	-0.0116548	1.46804	1.34868	21.0	-0.257114	1.52952	0.637853	22.0	-0.208788	1.54398	0.721173	23.0	0.276475	1.70353	0.732095	24.0	0.235124	1.66253	0.761949
24.408	0.0	-0.0535222	1.5039	0.789197	1.0	-0.0434432	1.50918	1.10978	2.0	-0.0255399	1.52515	1.42081	3.0	-0.0615832	1.55717	1.5682	4.0	-0.213849	1.5499	1.26388	5.0	-0.251239	1.51082	0.974159	6.0	-0.262979	1.53507	0.746111	7.0	-0.261154	1.54824	0.701483	8.0	0.141122	1.51514	1.28182	9.0	0.236592	1.54707	1.06626	10.0	0.280929	1.66713	0.851416	11.0	0.278942	1.71305	0.783705	12.0	-0.105737	1.54419	0.792496	13.0	-0.0952848	1.62783	0.408075	14.0	-0.0989291	1.73381	0.134219	15.0	-0.0838435	1.85968	0.101564	16.0	0.0419646	1.52102	0.793196	17.0	0.0999631	1.4394	0.458776	18.0	0.0762482	1.332	0.136169	19.0	0.0933348	1.41029	0.06218	20.0	-0.0313781	1.51931	1.34438	21.0	-0.251617	1.55355	0.633757	22.0	-0.208383	1.57551	0.710552	23.0	0.2675	1.74292	0.729937	24.0	0.302574	1.69418	0.747353
24.442	0.0	-0.0525021	1.51343	0.787258	1.0	-0.0458055	1.52087	1.10781	2.0	-0.0322401	1.54007	1.41867	3.0	-0.0695863	1.57446	1.56388	4.0	-0.218084	1.56878	1.26019	5.0	-0.25532	1.52308	0.973088	6.0	-0.267238	1.54584	0.744969	7.0	-0.270431	1.5658	0.697883	8.0	0.134015	1.54072	1.28009	9.0	0.227736	1.56877	1.06344	10.0	0.272035	1.68649	0.844784	11.0	0.2686	1.73623	0.781995	12.0	-0.1042	1.5547	0.790298	13.0	-0.0970011	1.6489	0.40773	14.0	-0.100637	1.76721	0.133904	15.0	-0.0831579	1.87781	0.0976905	16.0	0.0426275	1.52954	0.79158	17.0	0.0997034	1.44443	0.458851	18.0	0.0741466	1.33547	0.136742	19.0	0.0947836	1.41086	0.061193	20.0	-0.0368815	1.53333	1.34229	21.0	-0.2686	1.56912	0.632037	22.0	-0.220555	1.59184	0.715343	23.0	0.257776	1.76403	0.726704	24.0	0.29516	1.72507	0.750267
24.475	0.0	-0.0551785	1.55139	0.781606	1.0	-0.052685	1.55321	1.10467	2.0	-0.0415664	1.56603	1.41764	3.0	-0.0823582	1.60607	1.56032	4.0	-0.228888	1.59333	1.25481	5.0	-0.269647	1.55131	0.963553	6.0	-0.276016	1.56301	0.734682	7.0	-0.28346	1.58636	0.694988	8.0	0.12206	1.57453	1.27728	9.0	0.217077	1.59704	1.06073	10.0	0.259582	1.71257	0.835993	11.0	0.256079	1.75912	0.774902	12.0	-0.106242	1.59314	0.78424	13.0	-0.0971227	1.68052	0.4074	14.0	-0.101064	1.77485	0.131581	15.0	-0.0872688	1.89401	0.0872004	16.0	0.0398985	1.56642	0.786616	17.0	0.0975879	1.45812	0.457219	18.0	0.0731	1.33593	0.136339	19.0	0.0942679	1.41097	0.0606311	20.0	-0.0457845	1.56095	1.34078	21.0	-0.279497	1.59355	0.63081	22.0	-0.236075	1.61427	0.709089	23.0	0.246394	1.78544	0.719287	24.0	0.195124	1.72752	0.745139
24.508	0.0	-0.0553017	1.57968	0.780138	1.0	-0.0586514	1.58566	1.10178	2.0	-0.0546569	1.60311	1.41325	3.0	-0.0925589	1.62965	1.55926	4.0	-0.232245	1.63676	1.2481	5.0	-0.275765	1.59037	0.959474	6.0	-0.28424	1.60554	0.730823	7.0	-0.282429	1.62121	0.697374	8.0	0.115108	1.59917	1.27659	9.0	0.204678	1.62528	1.05804	10.0	0.250694	1.7298	0.832809	11.0	0.245141	1.77815	0.769979	12.0	-0.106766	1.62334	0.782385	13.0	-0.0965958	1.70212	0.415318	14.0	-0.0983962	1.78073	0.130156	15.0	-0.0876372	1.89472	0.0861563	16.0	0.0405537	1.59259	0.785633	17.0	0.0939778	1.49038	0.457562	18.0	0.0743892	1.34072	0.137763	19.0	0.0928581	1.41175	0.0599662	20.0	-0.0569795	1.59686	1.33677	21.0	-0.285641	1.62346	0.642047	22.0	-0.223123	1.66161	0.71166	23.0	0.235979	1.80369	0.711895	24.0	0.195837	1.76984	0.734683
24.542	0.0	-0.0526115	1.62164	0.778617	1.0	-0.0619659	1.61803	1.10117	2.0	-0.0615534	1.62639	1.41342	3.0	-0.102622	1.66495	1.55891	4.0	-0.23829	1.65358	1.2472	5.0	-0.283143	1.61312	0.952602	6.0	-0.293137	1.62399	0.724036	7.0	-0.297134	1.64321	0.693163	8.0	0.101907	1.63744	1.27845	9.0	0.194871	1.6627	1.05245	10.0	0.2409	1.76262	0.825013	11.0	0.236966	1.79893	0.763054	12.0	-0.101726	1.66583	0.780342	13.0	-0.0994043	1.73587	0.418803	14.0	-0.098159	1.79004	0.123356	15.0	-0.089105	1.89683	0.082913	16.0	0.0415622	1.63347	0.784816	17.0	0.0911716	1.50708	0.438374	18.0	0.0772511	1.35284	0.140641	19.0	0.0986391	1.42468	0.0633486	20.0	-0.0632017	1.62234	1.33676	21.0	-0.30281	1.64203	0.638739	22.0	-0.256999	1.67104	0.708822	23.0	0.225049	1.82296	0.704377	24.0	0.26322	1.77994	0.737112
24.575	0.0	-0.062927	1.64432	0.781592	1.0	-0.071191	1.64306	1.1045	2.0	-0.0701594	1.65187	1.41711	3.0	-0.11297	1.68859	1.5609	4.0	-0.251817	1.69033	1.24999	5.0	-0.294945	1.64351	0.953363	6.0	-0.301623	1.6519	0.724515	7.0	-0.310368	1.6686	0.693863	8.0	0.0958855	1.65953	1.28185	9.0	0.187487	1.68209	1.0511	10.0	0.23442	1.76997	0.822896	11.0	0.226709	1.81175	0.760388	12.0	-0.111425	1.68728	0.784479	13.0	-0.101304	1.7549	0.421953	14.0	-0.0989717	1.79997	0.122096	15.0	-0.0914633	1.89952	0.0723807	16.0	0.0311272	1.65697	0.786543	17.0	0.0972079	1.57354	0.459263	18.0	0.0823449	1.36994	0.150449	19.0	0.0983699	1.42845	0.0676395	20.0	-0.0719493	1.64795	1.34036	21.0	-0.307497	1.67127	0.642936	22.0	-0.279236	1.69257	0.68825	23.0	0.21689	1.83592	0.70093	24.0	0.166528	1.77995	0.747343
24.608	0.0	-0.0698068	1.67393	0.784948	1.0	-0.0797572	1.67229	1.10958	2.0	-0.0809733	1.68121	1.42398	3.0	-0.126478	1.7129	1.56656	4.0	-0.252377	1.71874	1.25475	5.0	-0.30441	1.6723	0.953229	6.0	-0.308708	1.68679	0.724296	7.0	-0.316434	1.69447	0.727886	8.0	0.088322	1.68438	1.2866	9.0	0.179264	1.70353	1.04853	10.0	0.223749	1.77998	0.823003	11.0	0.213344	1.81636	0.761171	12.0	-0.119053	1.71587	0.787978	13.0	-0.104967	1.77321	0.427324	14.0	-0.0988764	1.80385	0.121389	15.0	-0.0896868	1.9013	0.0689083	16.0	0.0256479	1.68703	0.789743	17.0	0.0958615	1.62903	0.479507	18.0	0.0887543	1.41483	0.177588	19.0	0.0990525	1.44093	0.0900753	20.0	-0.0821471	1.67719	1.34677	21.0	-0.319246	1.69583	0.643585	22.0	-0.271845	1.72662	0.722533	23.0	0.204379	1.83749	0.700913	24.0	0.153658	1.7911	0.749792
24.642	0.0	-0.0687764	1.70845	0.791969	1.0	-0.0827122	1.70059	1.11546	2.0	-0.0870504	1.70381	1.42865	3.0	-0.131342	1.74309	1.57115	4.0	-0.248657	1.77252	1.25524	5.0	-0.304557	1.71824	0.962869	6.0	-0.313978	1.71421	0.734518	7.0	-0.310569	1.73423	0.71997	8.0	0.0824896	1.70779	1.29314	9.0	0.174458	1.73267	1.04686	10.0	0.216812	1.79278	0.822924	11.0	0.209401	1.82688	0.766903	12.0	-0.11682	1.76094	0.793895	13.0	-0.106419	1.78827	0.432384	14.0	-0.0959818	1.81266	0.118483	15.0	-0.0867006	1.90801	0.0637904	16.0	0.0261983	1.71219	0.797307	17.0	0.0890424	1.64957	0.453393	18.0	0.0895414	1.43148	0.153755	19.0	0.0985232	1.46744	0.0669981	20.0	-0.0875325	1.70119	1.35176	21.0	-0.31481	1.73116	0.636555	22.0	-0.266659	1.76057	0.704665	23.0	0.20428	1.84088	0.703832	24.0	0.233966	1.79976	0.732085
24.675	0.0	-0.0753765	1.73223	0.798218	1.0	-0.0894792	1.72406	1.1209	2.0	-0.0942632	1.72568	1.43295	3.0	-0.138216	1.7584	1.57387	4.0	-0.259695	1.77727	1.25784	5.0	-0.313758	1.72915	0.963042	6.0	-0.322538	1.73997	0.734284	7.0	-0.324103	1.75686	0.713382	8.0	0.078278	1.72634	1.29777	9.0	0.172118	1.74426	1.04665	10.0	0.21133	1.80322	0.824112	11.0	0.20139	1.8333	0.768946	12.0	-0.121831	1.77392	0.796346	13.0	-0.107919	1.7948	0.431677	14.0	-0.0973648	1.81681	0.12126	15.0	-0.0859154	1.90762	0.0617466	16.0	0.0187289	1.74722	0.808783	17.0	0.0958279	1.69289	0.451692	18.0	0.0919621	1.46403	0.160231	19.0	0.10203	1.48545	0.0732522	20.0	-0.0946238	1.72358	1.35637	21.0	-0.314238	1.76272	0.633152	22.0	-0.27657	1.7678	0.737993	23.0	0.193694	1.84768	0.704338	24.0	0.224154	1.80336	0.729769
24.708	0.0	-0.0906403	1.75562	0.805505	1.0	-0.0998961	1.74274	1.12643	2.0	-0.100994	1.74048	1.43701	3.0	-0.150259	1.77691	1.57981	4.0	-0.276557	1.78828	1.26333	5.0	-0.329208	1.75307	0.970724	6.0	-0.334793	1.76941	0.741821	7.0	-0.339428	1.78316	0.702111	8.0	0.0729415	1.74181	1.30069	9.0	0.166982	1.75843	1.04641	10.0	0.207618	1.81389	0.82332	11.0	0.196835	1.84044	0.770894	12.0	-0.139562	1.79701	0.802127	13.0	-0.112033	1.80315	0.431409	14.0	-0.0978746	1.8175	0.121982	15.0	-0.0810686	1.90744	0.0610262	16.0	0.0068707	1.76739	0.816089	17.0	0.0878839	1.74779	0.460278	18.0	0.0914148	1.51446	0.172046	19.0	0.10914	1.54233	0.084557	20.0	-0.102184	1.73929	1.36077	21.0	-0.31714	1.79472	0.631634	22.0	-0.317691	1.82495	0.731755	23.0	0.18751	1.85294	0.704933	24.0	0.236355	1.8292	0.756233
24.742	0.0	-0.102098	1.77139	0.812514	1.0	-0.109128	1.75912	1.13166	2.0	-0.107585	1.75682	1.44033	3.0	-0.157396	1.78644	1.58273	4.0	-0.300157	1.79374	1.2709	5.0	-0.341151	1.76343	0.977269	6.0	-0.35804	1.80142	0.751114	7.0	-0.357578	1.81583	0.683563	8.0	0.0673152	1.75709	1.30324	9.0	0.164376	1.76926	1.05134	10.0	0.203204	1.82614	0.828236	11.0	0.196875	1.85035	0.775306	12.0	-0.14944	1.80903	0.807026	13.0	-0.11703	1.81415	0.431314	14.0	-0.102131	1.81645	0.123495	15.0	-0.0858374	1.89787	0.0557291	16.0	-0.00644929	1.78768	0.825601	17.0	0.0910206	1.78386	0.467202	18.0	0.0901491	1.5557	0.174307	19.0	0.108325	1.58371	0.0869062	20.0	-0.10946	1.75569	1.36458	21.0	-0.339642	1.8298	0.639169	22.0	-0.370589	1.84542	0.67978	23.0	0.186838	1.86245	0.706588	24.0	0.236244	1.84395	0.771061
24.775	0.0	-0.104156	1.79376	0.816483	1.0	-0.113125	1.7816	1.13527	2.0	-0.113274	1.77937	1.44339	3.0	-0.160914	1.81355	1.58503	4.0	-0.294961	1.82631	1.27256	5.0	-0.343968	1.79929	0.976173	6.0	-0.367236	1.84744	0.75242	7.0	-0.364652	1.85987	0.708704	8.0	0.0637724	1.77324	1.30657	9.0	0.159514	1.78434	1.05596	10.0	0.202307	1.84258	0.830292	11.0	0.198001	1.86705	0.776686	12.0	-0.15294	1.83748	0.810985	13.0	-0.120654	1.82942	0.426281	14.0	-0.10344	1.81686	0.12616	15.0	-0.0838613	1.89916	0.0587522	16.0	-0.00687864	1.80352	0.829028	17.0	0.0936195	1.83819	0.487023	18.0	0.0910857	1.6152	0.189482	19.0	0.109273	1.64336	0.102085	20.0	-0.114759	1.77825	1.3678	21.0	-0.34696	1.87449	0.64754	22.0	-0.337721	1.89638	0.726698	23.0	0.191172	1.88038	0.710724	24.0	0.239237	1.85494	0.772754
24.808	0.0	-0.108742	1.8059	0.822924	1.0	-0.115307	1.79351	1.13906	2.0	-0.113247	1.79154	1.44489	3.0	-0.162028	1.82348	1.58893	4.0	-0.302716	1.82874	1.28512	5.0	-0.346815	1.80836	0.977725	6.0	-0.378151	1.86861	0.757792	7.0	-0.380363	1.88825	0.708602	8.0	0.0612479	1.78726	1.30911	9.0	0.157471	1.79255	1.05841	10.0	0.200553	1.85655	0.835396	11.0	0.199608	1.88302	0.779453	12.0	-0.156573	1.84477	0.815834	13.0	-0.12876	1.842	0.428483	14.0	-0.104526	1.81734	0.125994	15.0	-0.0837424	1.89861	0.0577511	16.0	-0.0118084	1.82074	0.836905	17.0	0.0919272	1.88739	0.504199	18.0	0.0897215	1.67021	0.20163	19.0	0.0988499	1.69855	0.114782	20.0	-0.115286	1.79029	1.36986	21.0	-0.364562	1.90694	0.647741	22.0	-0.391877	1.91427	0.732288	23.0	0.200474	1.90182	0.715715	24.0	0.246484	1.87626	0.779601
24.842	0.0	-0.113368	1.82459	0.827602	1.0	-0.120926	1.81376	1.14174	2.0	-0.119559	1.8127	1.44515	3.0	-0.165089	1.84083	1.58969	4.0	-0.308434	1.85166	1.27462	5.0	-0.354801	1.84319	0.980484	6.0	-0.380851	1.90436	0.759813	7.0	-0.384597	1.92216	0.712055	8.0	0.0566575	1.80289	1.31096	9.0	0.153831	1.80394	1.06358	10.0	0.19991	1.86817	0.838868	11.0	0.20176	1.89785	0.783012	12.0	-0.163523	1.86327	0.820361	13.0	-0.137344	1.8571	0.433215	14.0	-0.105813	1.81831	0.126758	15.0	-0.0837042	1.89937	0.0582946	16.0	-0.0136924	1.83815	0.841484	17.0	0.0923636	1.92477	0.514362	18.0	0.0869416	1.7291	0.199778	19.0	0.0903328	1.77593	0.116204	20.0	-0.121451	1.8113	1.37076	21.0	-0.372078	1.94373	0.651662	22.0	-0.370869	1.97589	0.752324	23.0	0.20464	1.91379	0.714796	24.0	0.246715	1.8944	0.781824
24.875	0.0	-0.112356	1.85095	0.83328	1.0	-0.121577	1.83617	1.14438	2.0	-0.12149	1.83163	1.44521	3.0	-0.16364	1.86284	1.58931	4.0	-0.301636	1.88274	1.2712	5.0	-0.353827	1.86599	0.983747	6.0	-0.380184	1.93439	0.764929	7.0	-0.383088	1.9543	0.716567	8.0	0.0533009	1.82063	1.31368	9.0	0.15164	1.82074	1.06504	10.0	0.20134	1.88532	0.841094	11.0	0.204147	1.91615	0.784817	12.0	-0.163099	1.89703	0.829298	13.0	-0.144152	1.87393	0.444077	14.0	-0.103455	1.81882	0.127049	15.0	-0.0828601	1.89823	0.0574245	16.0	-0.0118448	1.8577	0.844459	17.0	0.0918537	1.97777	0.526223	18.0	0.0857686	1.79621	0.199167	19.0	0.102797	1.8461	0.115332	20.0	-0.123092	1.83106	1.37142	21.0	-0.36615	1.98191	0.658361	22.0	-0.365378	1.99312	0.757241	23.0	0.205998	1.93616	0.717269	24.0	0.252487	1.91142	0.776758
24.908	0.0	-0.109516	1.87009	0.837337	1.0	-0.119709	1.85397	1.14692	2.0	-0.120627	1.84746	1.44601	3.0	-0.163502	1.88136	1.59044	4.0	-0.295202	1.90505	1.2686	5.0	-0.350945	1.88864	0.989267	6.0	-0.376758	1.95496	0.76975	7.0	-0.379855	1.98062	0.722101	8.0	0.0525412	1.8339	1.31477	9.0	0.150803	1.83364	1.06482	10.0	0.20384	1.89772	0.844671	11.0	0.206901	1.92944	0.785034	12.0	-0.160917	1.91397	0.83345	13.0	-0.149555	1.88759	0.448923	14.0	-0.0777082	1.82931	0.184647	15.0	-0.0748038	1.88511	0.0879976	16.0	-0.00793403	1.87758	0.847789	17.0	0.0892053	2.01207	0.527329	18.0	0.083386	1.85501	0.187294	19.0	0.0881254	1.91919	0.110156	20.0	-0.121982	1.84744	1.37266	21.0	-0.366381	2.00787	0.662341	22.0	-0.357204	2.03281	0.770174	23.0	0.207997	1.95053	0.715748	24.0	0.254183	1.92056	0.785777
24.942	0.0	-0.102546	1.89464	0.836822	1.0	-0.115863	1.87619	1.14688	2.0	-0.119561	1.8676	1.44607	3.0	-0.161518	1.9052	1.59107	4.0	-0.281689	1.93598	1.26692	5.0	-0.345777	1.91257	0.995165	6.0	-0.370028	1.98151	0.776092	7.0	-0.37348	2.00618	0.725371	8.0	0.0524484	1.84924	1.31443	9.0	0.151328	1.85079	1.06671	10.0	0.206485	1.91142	0.844783	11.0	0.209031	1.9437	0.784075	12.0	-0.151065	1.94494	0.834715	13.0	-0.149822	1.90044	0.453955	14.0	-0.0671863	1.86887	0.186904	15.0	-0.0795982	1.93732	0.0810552	16.0	-0.00299375	1.89647	0.84594	17.0	0.0889056	2.06231	0.536427	18.0	0.0839388	1.92445	0.187324	19.0	0.0758139	1.98792	0.113778	20.0	-0.120249	1.86809	1.37273	21.0	-0.358185	2.03245	0.667077	22.0	-0.348316	2.05061	0.763562	23.0	0.201649	1.96624	0.709324	24.0	0.275613	1.95282	0.788632
24.975	0.0	-0.102623	1.90128	0.837354	1.0	-0.116127	1.88342	1.14723	2.0	-0.120158	1.87518	1.44614	3.0	-0.162413	1.90929	1.59072	4.0	-0.285016	1.93856	1.26701	5.0	-0.35098	1.92005	0.994514	6.0	-0.371872	1.99041	0.775378	7.0	-0.37669	2.02111	0.724204	8.0	0.0523441	1.86496	1.31292	9.0	0.150431	1.86164	1.0665	10.0	0.206523	1.92133	0.844793	11.0	0.209798	1.95318	0.781355	12.0	-0.151637	1.94692	0.835167	13.0	-0.152133	1.90231	0.454567	14.0	-0.113024	1.88308	0.177888	15.0	-0.0704857	2.01251	0.143081	16.0	-0.00181431	1.90967	0.846089	17.0	0.0842709	2.08842	0.545139	18.0	0.0853483	1.97948	0.192429	19.0	0.104536	2.05542	0.120886	20.0	-0.120752	1.87561	1.37288	21.0	-0.354352	2.05265	0.664435	22.0	-0.353648	2.06836	0.749038	23.0	0.204277	1.97697	0.709943	24.0	0.253253	1.94963	0.780221
25.008	0.0	-0.101411	1.91492	0.83807	1.0	-0.115581	1.89765	1.14802	2.0	-0.120378	1.88985	1.44693	3.0	-0.163479	1.92027	1.59121	4.0	-0.288035	1.94598	1.27041	5.0	-0.353899	1.93323	0.990571	6.0	-0.371723	2.00579	0.771682	7.0	-0.373583	2.03474	0.723189	8.0	0.0524595	1.87789	1.31221	9.0	0.150324	1.87694	1.06425	10.0	0.205025	1.93521	0.842431	11.0	0.209965	1.96345	0.778803	12.0	-0.151193	1.95681	0.836056	13.0	-0.0825044	1.83925	0.477486	14.0	-0.0443185	1.85217	0.0989861	15.0	-0.0045939	1.9823	0.0652839	16.0	-0.000192689	1.92405	0.846519	17.0	0.0778591	2.12424	0.548114	18.0	0.0883483	2.0412	0.189821	19.0	0.106939	2.12099	0.121459	20.0	-0.120775	1.89019	1.37368	21.0	-0.354298	2.06056	0.662278	22.0	-0.385706	2.07085	0.730528	23.0	0.205343	1.98474	0.706891	24.0	0.250015	1.94896	0.765474
25.042	0.0	-0.100081	1.92978	0.833893	1.0	-0.113525	1.91208	1.14556	2.0	-0.117587	1.90398	1.44601	3.0	-0.162557	1.93325	1.59028	4.0	-0.29287	1.95368	1.27482	5.0	-0.35463	1.9434	0.988493	6.0	-0.371276	2.0159	0.769406	7.0	-0.371239	2.04509	0.72062	8.0	0.0544534	1.89569	1.31039	9.0	0.150783	1.89383	1.05935	10.0	0.208139	1.94686	0.837579	11.0	0.212283	1.97609	0.774902	12.0	-0.151178	1.96924	0.826941	13.0	-0.0858943	1.85069	0.468585	14.0	-0.0547462	1.83342	0.191084	15.0	-0.017824	1.96452	0.155964	16.0	0.00273624	1.94301	0.847728	17.0	0.0731081	2.15312	0.550383	18.0	0.0899987	2.09117	0.197453	19.0	0.113615	2.18235	0.13857	20.0	-0.11817	1.90439	1.3724	21.0	-0.349317	2.07478	0.659325	22.0	-0.386898	2.08001	0.719759	23.0	0.203709	1.99902	0.700269	24.0	0.25376	1.96612	0.773241
25.075	0.0	-0.102078	1.95349	0.827316	1.0	-0.114689	1.93378	1.14196	2.0	-0.117935	1.92379	1.44499	3.0	-0.161302	1.95531	1.58823	4.0	-0.289736	1.9801	1.27547	5.0	-0.352589	1.96767	0.984491	6.0	-0.366495	2.03174	0.762739	7.0	-0.358661	2.06062	0.716256	8.0	0.0566549	1.91342	1.30795	9.0	0.151056	1.90964	1.05806	10.0	0.210188	1.95893	0.834154	11.0	0.213302	1.98839	0.771692	12.0	-0.153524	1.99401	0.818322	13.0	-0.090275	1.87324	0.460736	14.0	-0.0652263	1.81653	0.128196	15.0	-0.0258254	1.94714	0.0939299	16.0	0.00122135	1.96268	0.843518	17.0	0.0712842	2.17789	0.548697	18.0	0.0878205	2.14293	0.21453	19.0	0.113602	2.20981	0.139204	20.0	-0.118722	1.92466	1.37077	21.0	-0.333799	2.08808	0.657389	22.0	-0.350237	2.03692	0.68883	23.0	0.207913	2.00614	0.700217	24.0	0.254589	1.98561	0.770994
25.108	0.0	-0.0978188	1.97291	0.824047	1.0	-0.11081	1.95346	1.1388	2.0	-0.114352	1.94339	1.44206	3.0	-0.158443	1.97712	1.58509	4.0	-0.283776	2.00203	1.27414	5.0	-0.347331	1.98583	0.983955	6.0	-0.358272	2.04747	0.76124	7.0	-0.350604	2.07043	0.714269	8.0	0.0602885	1.9326	1.30579	9.0	0.152221	1.92705	1.05434	10.0	0.212419	1.97367	0.829595	11.0	0.214163	2.00373	0.763958	12.0	-0.149212	2.01366	0.814637	13.0	-0.0929322	1.89362	0.456231	14.0	-0.0687744	1.82252	0.119363	15.0	-0.0597762	1.88629	0.0418924	16.0	0.00559295	1.98203	0.840717	17.0	0.0654094	2.20644	0.553005	18.0	0.076444	2.19644	0.225192	19.0	0.113441	2.27609	0.158906	20.0	-0.115074	1.94433	1.36778	21.0	-0.3277	2.09325	0.65344	22.0	-0.34431	2.04513	0.683762	23.0	0.208875	2.01939	0.692891	24.0	0.2568	2.00096	0.766037
25.142	0.0	-0.0921539	1.99687	0.821915	1.0	-0.106083	1.97545	1.13656	2.0	-0.110383	1.96357	1.43968	3.0	-0.149752	1.99533	1.58337	4.0	-0.275622	2.02614	1.27425	5.0	-0.340393	2.00609	0.981551	6.0	-0.349746	2.05999	0.756969	7.0	-0.339204	2.08255	0.710038	8.0	0.0629667	1.94991	1.30318	9.0	0.156014	1.94815	1.04746	10.0	0.214996	1.99026	0.824867	11.0	0.216239	2.01822	0.762006	12.0	-0.142531	2.04167	0.812147	13.0	-0.0961198	1.90799	0.459182	14.0	-0.0711582	1.82499	0.118028	15.0	-0.0698807	1.89969	0.047687	16.0	0.0105245	2.00183	0.839053	17.0	0.0664924	2.23574	0.557622	18.0	0.0881126	2.23825	0.256528	19.0	0.108406	2.31929	0.190128	20.0	-0.110933	1.96494	1.36544	21.0	-0.316652	2.10119	0.648033	22.0	-0.330387	2.05315	0.683601	23.0	0.210885	2.03633	0.688252	24.0	0.258632	2.0053	0.755312
25.175	0.0	-0.089909	2.01867	0.81915	1.0	-0.102382	1.99764	1.13306	2.0	-0.105143	1.98607	1.43537	3.0	-0.142887	2.01253	1.57887	4.0	-0.27119	2.04811	1.26973	5.0	-0.334634	2.02329	0.980634	6.0	-0.338847	2.07898	0.756059	7.0	-0.329916	2.09576	0.710367	8.0	0.0683609	1.97092	1.30034	9.0	0.15859	1.96662	1.04036	10.0	0.218023	2.00724	0.817662	11.0	0.217847	2.03304	0.756328	12.0	-0.140162	2.06367	0.809986	13.0	-0.101641	1.924	0.459601	14.0	-0.0720337	1.82957	0.116637	15.0	-0.0640964	1.92715	0.0636965	16.0	0.0129126	2.02268	0.835901	17.0	0.0659749	2.25726	0.556648	18.0	0.0892338	2.2606	0.259158	19.0	0.10461	2.34584	0.196686	20.0	-0.106088	1.98738	1.36134	21.0	-0.304773	2.1133	0.645624	22.0	-0.329685	2.06131	0.686038	23.0	0.213686	2.04977	0.685734	24.0	0.25557	2.0351	0.746665
25.208	0.0	-0.0953703	2.03882	0.814838	1.0	-0.102175	2.01714	1.13022	2.0	-0.0991651	2.00642	1.43377	3.0	-0.137477	2.0463	1.57391	4.0	-0.264431	2.07031	1.26426	5.0	-0.328713	2.04659	0.976327	6.0	-0.331403	2.09645	0.750512	7.0	-0.320746	2.11101	0.711646	8.0	0.0733811	1.99336	1.29592	9.0	0.163174	1.98629	1.03354	10.0	0.21976	2.02355	0.809735	11.0	0.220447	2.05014	0.749784	12.0	-0.145696	2.08196	0.806807	13.0	-0.104973	1.93508	0.459915	14.0	-0.0719815	1.83205	0.116831	15.0	-0.0705007	1.92686	0.0625579	16.0	0.00798378	2.04437	0.830536	17.0	0.064422	2.27045	0.561773	18.0	0.0955421	2.29937	0.271038	19.0	0.115478	2.37779	0.203294	20.0	-0.101627	2.00739	1.35944	21.0	-0.297575	2.12576	0.643273	22.0	-0.321947	2.07232	0.685589	23.0	0.216815	2.06446	0.6803	24.0	0.258761	2.0397	0.740998
25.242	0.0	-0.0910533	2.06265	0.812925	1.0	-0.0974755	2.04064	1.12783	2.0	-0.0943321	2.02765	1.43107	3.0	-0.13303	2.05507	1.57332	4.0	-0.262356	2.08665	1.26449	5.0	-0.326155	2.06239	0.978968	6.0	-0.327308	2.10792	0.75229	7.0	-0.315273	2.12586	0.70796	8.0	0.0787283	2.01146	1.29277	9.0	0.165596	2.00071	1.02921	10.0	0.220079	2.03704	0.804834	11.0	0.221391	2.06504	0.745256	12.0	-0.14174	2.10579	0.805031	13.0	-0.105781	1.94676	0.464401	14.0	-0.0725164	1.83421	0.117625	15.0	-0.0889351	1.91255	0.0562712	16.0	0.0129855	2.0676	0.8287	17.0	0.0634659	2.28835	0.558669	18.0	0.0993112	2.31954	0.268926	19.0	0.107609	2.4035	0.207248	20.0	-0.0967584	2.02936	1.35681	21.0	-0.289225	2.13708	0.637826	22.0	-0.317124	2.08666	0.689004	23.0	0.221564	2.07995	0.677592	24.0	0.26155	2.05444	0.748484
25.275	0.0	-0.0827349	2.08638	0.810434	1.0	-0.0906014	2.06372	1.125	2.0	-0.0885428	2.05076	1.42772	3.0	-0.124471	2.0815	1.56877	4.0	-0.256725	2.11452	1.26146	5.0	-0.319443	2.0923	0.970845	6.0	-0.320303	2.12446	0.742346	7.0	-0.30645	2.14446	0.70737	8.0	0.0842322	2.03784	1.28767	9.0	0.169264	2.02559	1.02248	10.0	0.219195	2.05592	0.79653	11.0	0.223915	2.08278	0.740009	12.0	-0.133189	2.12949	0.801816	13.0	-0.103983	1.96096	0.466599	14.0	-0.0726828	1.83779	0.119591	15.0	-0.0882162	1.91309	0.0557075	16.0	0.0213891	2.0911	0.827122	17.0	0.063023	2.29837	0.556561	18.0	0.109032	2.34285	0.278444	19.0	0.11364	2.4382	0.22914	20.0	-0.0907164	2.05242	1.35362	21.0	-0.282687	2.14796	0.634046	22.0	-0.301126	2.11302	0.682921	23.0	0.217105	2.09783	0.668987	24.0	0.26206	2.06437	0.722492
25.308	0.0	-0.0773533	2.10654	0.808534	1.0	-0.0843355	2.08693	1.12259	2.0	-0.0813346	2.07681	1.4247	3.0	-0.117284	2.10346	1.566	4.0	-0.257087	2.12913	1.263	5.0	-0.318236	2.11024	0.968249	6.0	-0.313185	2.15207	0.740822	7.0	-0.302543	2.16443	0.706548	8.0	0.0898245	2.06364	1.28239	9.0	0.175486	2.04673	1.01573	10.0	0.222729	2.07517	0.789117	11.0	0.228817	2.10168	0.737289	12.0	-0.127807	2.14914	0.800444	13.0	-0.101274	1.97403	0.46914	14.0	-0.0727381	1.83873	0.119586	15.0	-0.0884573	1.91095	0.0538435	16.0	0.027035	2.11139	0.824839	17.0	0.0638696	2.30569	0.561983	18.0	0.112956	2.3502	0.283778	19.0	0.10572	2.44486	0.238647	20.0	-0.0837516	2.07778	1.35077	21.0	-0.28327	2.16435	0.632632	22.0	-0.292704	2.14048	0.678002	23.0	0.227464	2.11749	0.667674	24.0	0.272586	2.08424	0.742444
25.342	0.0	-0.0564841	2.14129	0.803843	1.0	-0.0717025	2.11667	1.11922	2.0	-0.0752006	2.10225	1.4222	3.0	-0.107658	2.13077	1.56097	4.0	-0.247381	2.16169	1.25989	5.0	-0.313825	2.14086	0.960311	6.0	-0.309752	2.17222	0.731599	7.0	-0.2974	2.18425	0.697516	8.0	0.0975008	2.08953	1.2779	9.0	0.182854	2.07091	1.00658	10.0	0.225307	2.09652	0.778971	11.0	0.231486	2.12107	0.733888	12.0	-0.104521	2.18707	0.79469	13.0	-0.0944138	1.99508	0.475279	14.0	-0.0730319	1.8421	0.119474	15.0	-0.0917929	1.91178	0.0537656	16.0	0.0458935	2.14274	0.821475	17.0	0.0631486	2.32322	0.553704	18.0	0.117605	2.37428	0.264328	19.0	0.0825863	2.46926	0.248874	20.0	-0.0761391	2.10423	1.34809	21.0	-0.277416	2.18656	0.627971	22.0	-0.283969	2.15028	0.658529	23.0	0.228964	2.13508	0.662017	24.0	0.266882	2.09526	0.720187
25.375	0.0	-0.0418736	2.15928	0.800387	1.0	-0.0593788	2.1397	1.11586	2.0	-0.066587	2.12973	1.41895	3.0	-0.100673	2.15709	1.55917	4.0	-0.243408	2.18179	1.25901	5.0	-0.314909	2.16294	0.95685	6.0	-0.30815	2.19562	0.728247	7.0	-0.298067	2.20664	0.69521	8.0	0.103647	2.1168	1.27322	9.0	0.187441	2.09154	1.0002	10.0	0.230659	2.11988	0.772933	11.0	0.235171	2.14135	0.727843	12.0	-0.0908197	2.20174	0.792151	13.0	-0.0899494	2.00874	0.474409	14.0	-0.0745139	1.84838	0.122765	15.0	-0.0975821	1.90004	0.0512512	16.0	0.0613552	2.16404	0.817336	17.0	0.0643774	2.33457	0.546192	18.0	0.113113	2.37985	0.262912	19.0	0.0848151	2.48126	0.252431	20.0	-0.0664825	2.13067	1.34482	21.0	-0.269155	2.20979	0.624253	22.0	-0.285809	2.17174	0.656895	23.0	0.228499	2.15427	0.654568	24.0	0.27793	2.12853	0.731294
25.408	0.0	-0.0278794	2.19229	0.794923	1.0	-0.0457617	2.17336	1.11242	2.0	-0.0532187	2.16343	1.4173	3.0	-0.0850718	2.19501	1.55758	4.0	-0.229724	2.21754	1.26007	5.0	-0.303325	2.19556	0.958761	6.0	-0.30514	2.22196	0.729797	7.0	-0.290418	2.23567	0.68809	8.0	0.113199	2.15579	1.2676	9.0	0.196984	2.12564	0.99308	10.0	0.237985	2.14633	0.764931	11.0	0.24049	2.16593	0.725153	12.0	-0.0748525	2.2366	0.787948	13.0	-0.0827344	2.03808	0.475157	14.0	-0.0750809	1.85632	0.124391	15.0	-0.0937583	1.89705	0.0479762	16.0	0.0737898	2.19438	0.811172	17.0	0.0693181	2.34811	0.543735	18.0	0.118878	2.38559	0.263997	19.0	0.102979	2.49307	0.251126	20.0	-0.0530647	2.16444	1.34275	21.0	-0.266952	2.24141	0.621736	22.0	-0.30396	2.26172	0.701247	23.0	0.236904	2.17924	0.652573	24.0	0.281211	2.14576	0.712284
25.442	0.0	-0.0104253	2.23254	0.787577	1.0	-0.0303238	2.21251	1.107	2.0	-0.0393301	2.20182	1.41338	3.0	-0.0718017	2.2281	1.55527	4.0	-0.19559	2.27268	1.24797	5.0	-0.281403	2.24725	0.950966	6.0	-0.29184	2.26371	0.722021	7.0	-0.282401	2.26752	0.688307	8.0	0.122569	2.18546	1.26496	9.0	0.203304	2.1526	0.987148	10.0	0.244647	2.17334	0.759043	11.0	0.24761	2.19098	0.722253	12.0	-0.0555589	2.28363	0.780483	13.0	-0.0748245	2.07213	0.479279	14.0	-0.0770307	1.86807	0.129465	15.0	-0.0887317	1.9083	0.0501475	16.0	0.089695	2.22737	0.804465	17.0	0.0747626	2.36876	0.542215	18.0	0.139556	2.39159	0.173314	19.0	0.189789	2.51607	0.142228	20.0	-0.0388306	2.203	1.3385	21.0	-0.259969	2.26688	0.622327	22.0	-0.283131	2.23564	0.679543	23.0	0.239514	2.20382	0.646134	24.0	0.301382	2.1832	0.739329
25.475	0.0	0.000712014	2.25336	0.783498	1.0	-0.017846	2.23875	1.10416	2.0	-0.0254088	2.23379	1.41193	3.0	-0.057915	2.25617	1.55031	4.0	-0.179735	2.30289	1.24489	5.0	-0.275503	2.26716	0.953016	6.0	-0.287594	2.27491	0.713362	7.0	-0.28177	2.29411	0.671132	8.0	0.131886	2.22271	1.26199	9.0	0.212944	2.18928	0.981416	10.0	0.256608	2.20164	0.753336	11.0	0.254884	2.21751	0.718431	12.0	-0.0445622	2.30387	0.776592	13.0	-0.0703117	2.09859	0.471881	14.0	-0.0801055	1.88266	0.130925	15.0	-0.0880242	1.90895	0.0489941	16.0	0.101286	2.24837	0.800403	17.0	0.081946	2.40494	0.528182	18.0	0.143089	2.39198	0.175089	19.0	0.191629	2.51663	0.143522	20.0	-0.0252809	2.23353	1.33671	21.0	-0.258807	2.30786	0.61805	22.0	-0.280813	2.26428	0.665614	23.0	0.250214	2.22638	0.644037	24.0	0.294942	2.2105	0.710738
25.508	0.0	0.0114408	2.28975	0.780686	1.0	-0.0082271	2.27718	1.1018	2.0	-0.0168332	2.27319	1.4096	3.0	-0.0448309	2.28993	1.54672	4.0	-0.159273	2.34497	1.24539	5.0	-0.263572	2.31061	0.956635	6.0	-0.285154	2.31686	0.728741	7.0	-0.277236	2.32076	0.686964	8.0	0.142565	2.25488	1.26088	9.0	0.225377	2.22618	0.9784	10.0	0.264832	2.23519	0.749623	11.0	0.263501	2.24874	0.71419	12.0	-0.0345268	2.3383	0.773754	13.0	-0.0704257	2.13706	0.468156	14.0	-0.0877793	1.90472	0.135695	15.0	-0.0956789	1.92076	0.0540656	16.0	0.113323	2.28601	0.797893	17.0	0.0889643	2.42663	0.531879	18.0	0.165451	2.41816	0.171913	19.0	0.217966	2.54152	0.140665	20.0	-0.0164576	2.27279	1.33442	21.0	-0.252608	2.33026	0.623231	22.0	-0.277379	2.29221	0.674624	23.0	0.255347	2.25719	0.63895	24.0	0.316764	2.237	0.722602
25.542	0.0	0.0175621	2.31035	0.780047	1.0	-0.00163449	2.29938	1.10227	2.0	-0.00942622	2.29745	1.41104	3.0	-0.0379944	2.31827	1.54547	4.0	-0.160867	2.35538	1.24456	5.0	-0.172418	2.37877	0.967094	6.0	-0.281764	2.32267	0.756319	7.0	-0.279804	2.34039	0.690871	8.0	0.151119	2.29073	1.25881	9.0	0.23632	2.25761	0.977706	10.0	0.273452	2.26819	0.748572	11.0	0.274496	2.2807	0.717104	12.0	-0.0291044	2.3543	0.773324	13.0	-0.0718096	2.16252	0.462559	14.0	-0.0755615	2.00848	0.236243	15.0	-0.0323347	2.1371	0.2004	16.0	0.120463	2.31128	0.797142	17.0	0.0943124	2.44101	0.530754	18.0	0.162729	2.42323	0.167076	19.0	0.206275	2.54835	0.135499	20.0	-0.00928526	2.29651	1.33564	21.0	-0.275814	2.35788	0.618282	22.0	-0.293515	2.36975	0.689164	23.0	0.260943	2.28997	0.638258	24.0	0.318326	2.28275	0.716062
25.575	0.0	0.00416268	2.3521	0.780883	1.0	-0.00469261	2.33705	1.10401	2.0	-0.00300173	2.33306	1.4135	3.0	-0.0310265	2.35241	1.54668	4.0	-0.171058	2.38598	1.24973	5.0	-0.293686	2.34537	0.970629	6.0	-0.288168	2.36439	0.735099	7.0	-0.27483	2.3712	0.687907	8.0	0.159444	2.3167	1.26095	9.0	0.246272	2.29458	0.98142	10.0	0.281972	2.30267	0.751994	11.0	0.283659	2.31732	0.719345	12.0	-0.0415973	2.39548	0.774846	13.0	-0.0748705	2.20758	0.458519	14.0	-0.0847245	2.04194	0.241348	15.0	-0.0408133	2.17005	0.205607	16.0	0.107315	2.35129	0.797357	17.0	0.0999066	2.45397	0.523537	18.0	0.161783	2.42835	0.14871	19.0	0.20778	2.54978	0.123053	20.0	-0.00523116	2.33246	1.33794	21.0	-0.250802	2.38143	0.625197	22.0	-0.178986	2.39548	0.666403	23.0	0.272248	2.32763	0.642043	24.0	0.324784	2.31473	0.716154
25.608	0.0	0.0322685	2.38113	0.783287	1.0	0.0124033	2.36826	1.10667	2.0	0.00557141	2.36493	1.416	3.0	-0.015235	2.38812	1.54809	4.0	-0.128355	2.44552	1.24232	5.0	-0.220807	2.41269	0.948277	6.0	-0.240647	2.43174	0.72045	7.0	-0.23539	2.42028	0.696465	8.0	0.16709	2.34998	1.26428	9.0	0.258077	2.3278	0.985205	10.0	0.30065	2.3514	0.75709	11.0	0.297198	2.3591	0.721488	12.0	-0.00781976	2.43752	0.783529	13.0	-0.0586442	2.2534	0.468883	14.0	-0.0756809	2.07575	0.262518	15.0	-0.0847824	2.06951	0.146616	16.0	0.128469	2.36795	0.795024	17.0	0.104758	2.47356	0.524922	18.0	0.165854	2.41976	0.161333	19.0	0.220298	2.54237	0.130231	20.0	0.00537728	2.36435	1.34054	21.0	-0.232827	2.42108	0.646322	22.0	-0.1367	2.45683	0.690462	23.0	0.286651	2.36896	0.647461	24.0	0.336135	2.35818	0.710454
